-0.501672 0.1378555 0.0006520535
-0.001672017 1.794398 0.0006520316
-0.4920646 0.1378555 -0.1046278
-0.4920646 0.1378555 -0.1046278
-0.001672017 1.794398 0.0006520316
-0.4636117 0.1378555 -0.2058617
-0.4636117 0.1378555 -0.2058617
-0.001672017 1.794398 0.0006520316
-0.4174068 0.1378555 -0.2991595
-0.4174068 0.1378555 -0.2991595
-0.001672017 1.794398 0.0006520316
-0.3552254 0.1378555 -0.3809357
-0.3552254 0.1378555 -0.3809357
-0.001672017 1.794398 0.0006520316
-0.2794572 0.1378555 -0.4480477
-0.2794572 0.1378555 -0.4480477
-0.001672017 1.794398 0.0006520316
-0.1930138 0.1378555 -0.4979164
-0.1930138 0.1378555 -0.4979164
-0.001672017 1.794398 0.0006520316
-0.09921721 0.1378555 -0.5286254
-0.09921721 0.1378555 -0.5286254
-0.001672017 1.794398 0.0006520316
-0.001672041 0.1378555 -0.5389946
-0.001672041 0.1378555 -0.5389946
-0.001672017 1.794398 0.0006520316
0.09587312 0.1378555 -0.5286254
0.09587312 0.1378555 -0.5286254
-0.001672017 1.794398 0.0006520316
0.1896697 0.1378555 -0.4979164
0.1896697 0.1378555 -0.4979164
-0.001672017 1.794398 0.0006520316
0.2761131 0.1378555 -0.4480477
0.2761131 0.1378555 -0.4480477
-0.001672017 1.794398 0.0006520316
0.3518813 0.1378555 -0.3809357
0.3518813 0.1378555 -0.3809357
-0.001672017 1.794398 0.0006520316
0.4140628 0.1378555 -0.2991596
0.4140628 0.1378555 -0.2991596
-0.001672017 1.794398 0.0006520316
0.4602677 0.1378555 -0.2058618
0.4602677 0.1378555 -0.2058618
-0.001672017 1.794398 0.0006520316
0.4887206 0.1378555 -0.1046278
0.4887206 0.1378555 -0.1046278
-0.001672017 1.794398 0.0006520316
0.498328 0.1378555 0.0006520097
0.498328 0.1378555 0.0006520097
-0.001672017 1.794398 0.0006520316
0.4887206 0.1378555 0.1059318
0.4887206 0.1378555 0.1059318
-0.001672017 1.794398 0.0006520316
0.4602677 0.1378555 0.2071658
0.4602677 0.1378555 0.2071658
-0.001672017 1.794398 0.0006520316
0.4140628 0.1378555 0.3004636
0.4140628 0.1378555 0.3004636
-0.001672017 1.794398 0.0006520316
0.3518814 0.1378555 0.3822398
0.3518814 0.1378555 0.3822398
-0.001672017 1.794398 0.0006520316
0.2761131 0.1378555 0.4493517
0.2761131 0.1378555 0.4493517
-0.001672017 1.794398 0.0006520316
0.1896697 0.1378555 0.4992204
0.1896697 0.1378555 0.4992204
-0.001672017 1.794398 0.0006520316
0.09587317 0.1378555 0.5299295
0.09587317 0.1378555 0.5299295
-0.001672017 1.794398 0.0006520316
-0.001671993 0.1378555 0.5402986
-0.001671993 0.1378555 0.5402986
-0.001672017 1.794398 0.0006520316
-0.09921716 0.1378555 0.5299295
-0.09921716 0.1378555 0.5299295
-0.001672017 1.794398 0.0006520316
-0.1930137 0.1378555 0.4992204
-0.1930137 0.1378555 0.4992204
-0.001672017 1.794398 0.0006520316
-0.2794571 0.1378555 0.4493517
-0.2794571 0.1378555 0.4493517
-0.001672017 1.794398 0.0006520316
-0.3552254 0.1378555 0.3822398
-0.3552254 0.1378555 0.3822398
-0.001672017 1.794398 0.0006520316
-0.4174068 0.1378555 0.3004636
-0.4174068 0.1378555 0.3004636
-0.001672017 1.794398 0.0006520316
-0.4636117 0.1378555 0.2071659
0.2761131 0.1378555 0.4493517
0.09587317 0.1378555 0.5299295
-0.2794571 0.1378555 0.4493517
-0.4636117 0.1378555 0.2071659
-0.001672017 1.794398 0.0006520316
-0.4920646 0.1378555 0.1059319
-0.4920646 0.1378555 0.1059319
-0.001672017 1.794398 0.0006520316
-0.501672 0.1378555 0.0006520535
-0.4920646 0.1378555 0.1059319
-0.501672 0.1378555 0.0006520535
0.498328 0.1378555 0.0006520097
-0.501672 0.1378555 0.0006520535
-0.4920646 0.1378555 -0.1046278
0.4887206 0.1378555 -0.1046278
-0.4920646 0.1378555 -0.1046278
-0.4636117 0.1378555 -0.2058617
0.4887206 0.1378555 -0.1046278
-0.4636117 0.1378555 -0.2058617
-0.4174068 0.1378555 -0.2991595
0.4602677 0.1378555 -0.2058618
0.4887206 0.1378555 -0.1046278
-0.4636117 0.1378555 -0.2058617
0.4602677 0.1378555 -0.2058618
-0.4174068 0.1378555 -0.2991595
-0.3552254 0.1378555 -0.3809357
0.3518813 0.1378555 -0.3809357
-0.3552254 0.1378555 -0.3809357
-0.2794572 0.1378555 -0.4480477
0.2761131 0.1378555 -0.4480477
-0.2794572 0.1378555 -0.4480477
-0.1930138 0.1378555 -0.4979164
-0.09921721 0.1378555 -0.5286254
-0.09921721 0.1378555 -0.5286254
-0.001672041 0.1378555 -0.5389946
0.09587312 0.1378555 -0.5286254
0.09587312 0.1378555 -0.5286254
0.1896697 0.1378555 -0.4979164
-0.09921721 0.1378555 -0.5286254
0.1896697 0.1378555 -0.4979164
0.2761131 0.1378555 -0.4480477
-0.09921721 0.1378555 -0.5286254
0.2761131 0.1378555 -0.4480477
0.3518813 0.1378555 -0.3809357
-0.3552254 0.1378555 -0.3809357
0.3518813 0.1378555 -0.3809357
0.4140628 0.1378555 -0.2991596
-0.4174068 0.1378555 -0.2991595
0.4140628 0.1378555 -0.2991596
0.4602677 0.1378555 -0.2058618
-0.4174068 0.1378555 -0.2991595
0.4887206 0.1378555 -0.1046278
0.498328 0.1378555 0.0006520097
-0.501672 0.1378555 0.0006520535
0.498328 0.1378555 0.0006520097
0.4887206 0.1378555 0.1059318
-0.4920646 0.1378555 0.1059319
0.4887206 0.1378555 0.1059318
0.4602677 0.1378555 0.2071658
-0.4920646 0.1378555 0.1059319
0.4602677 0.1378555 0.2071658
0.4140628 0.1378555 0.3004636
-0.4636117 0.1378555 0.2071659
-0.4920646 0.1378555 0.1059319
0.4602677 0.1378555 0.2071658
-0.4636117 0.1378555 0.2071659
0.4140628 0.1378555 0.3004636
0.3518814 0.1378555 0.3822398
-0.3552254 0.1378555 0.3822398
0.3518814 0.1378555 0.3822398
0.2761131 0.1378555 0.4493517
-0.2794571 0.1378555 0.4493517
0.2761131 0.1378555 0.4493517
0.1896697 0.1378555 0.4992204
0.09587317 0.1378555 0.5299295
0.09587317 0.1378555 0.5299295
-0.001671993 0.1378555 0.5402986
-0.09921716 0.1378555 0.5299295
-0.09921716 0.1378555 0.5299295
-0.1930137 0.1378555 0.4992204
0.09587317 0.1378555 0.5299295
-0.1930137 0.1378555 0.4992204
-0.2794571 0.1378555 0.4493517
0.09587317 0.1378555 0.5299295
-0.2794571 0.1378555 0.4493517
-0.3552254 0.1378555 0.3822398
0.3518814 0.1378555 0.3822398
-0.3552254 0.1378555 0.3822398
-0.4174068 0.1378555 0.3004636
0.4140628 0.1378555 0.3004636
-0.4174068 0.1378555 0.3004636
-0.4636117 0.1378555 0.2071659
0.4140628 0.1378555 0.3004636
-0.2794572 0.1378555 -0.4480477
-0.09921721 0.1378555 -0.5286254
0.2761131 0.1378555 -0.4480477
-0.5241357 0.1716094 0.0006520544
-0.5140967 0.01726706 -0.1097285
-0.5241357 0.01726706 0.0006520544
-0.5140967 0.1716094 -0.1097285
-0.4843655 0.01726706 -0.2158671
-0.5140967 0.01726706 -0.1097285
-0.4843655 0.1716094 -0.2158671
-0.4360847 0.01726706 -0.313685
-0.4843655 0.01726706 -0.2158671
-0.4360847 0.1716094 -0.313685
-0.3711096 0.01726706 -0.3994232
-0.4360847 0.01726706 -0.313685
-0.3711096 0.1716094 -0.3994232
-0.2919373 0.01726706 -0.4697867
-0.3711096 0.01726706 -0.3994232
-0.2919373 0.1716094 -0.4697867
-0.2016103 0.01726706 -0.5220714
-0.2919373 0.01726706 -0.4697867
-0.2016103 0.1716094 -0.5220714
-0.1035996 0.01726706 -0.5542682
-0.2016103 0.01726706 -0.5220714
-0.1035996 0.1716094 -0.5542682
-0.001672042 0.01726706 -0.5651398
-0.1035996 0.01726706 -0.5542682
-0.001672042 0.1716094 -0.5651398
0.1002556 0.01726706 -0.5542682
-0.001672042 0.01726706 -0.5651398
0.1002556 0.1716094 -0.5542682
0.1982662 0.01726706 -0.5220714
0.1002556 0.01726706 -0.5542682
0.1982662 0.1716094 -0.5220714
0.2885932 0.01726706 -0.4697867
0.1982662 0.01726706 -0.5220714
0.2885932 0.1716094 -0.4697867
0.3677655 0.01726706 -0.3994232
0.2885932 0.01726706 -0.4697867
0.3677655 0.1716094 -0.3994232
0.4327407 0.01726706 -0.3136851
0.3677655 0.01726706 -0.3994232
0.4327407 0.1716094 -0.3136851
0.4810215 0.01726706 -0.2158672
0.4327407 0.01726706 -0.3136851
0.4810215 0.1716094 -0.2158672
0.5107527 0.01726706 -0.1097285
0.4810215 0.01726706 -0.2158672
0.5107527 0.1716094 -0.1097285
0.5207916 0.01726706 0.0006520088
0.5107527 0.01726706 -0.1097285
0.5207916 0.1716094 0.0006520088
0.5107527 0.01726706 0.1110325
0.5207916 0.01726706 0.0006520088
0.5107527 0.1716094 0.1110325
0.4810215 0.01726706 0.2171712
0.5107527 0.01726706 0.1110325
0.4810215 0.1716094 0.2171712
0.4327407 0.01726706 0.3149891
0.4810215 0.01726706 0.2171712
0.4327407 0.1716094 0.3149891
0.3677656 0.01726706 0.4007272
0.4327407 0.01726706 0.3149891
0.3677656 0.1716094 0.4007272
0.2885933 0.01726706 0.4710907
0.3677656 0.01726706 0.4007272
0.2885933 0.1716094 0.4710907
0.1982662 0.01726706 0.5233755
0.2885933 0.01726706 0.4710907
0.1982662 0.1716094 0.5233755
0.1002556 0.01726706 0.5555723
0.1982662 0.01726706 0.5233755
0.1002556 0.1716094 0.5555723
-0.001671992 0.01726706 0.5664439
0.1002556 0.01726706 0.5555723
-0.001671992 0.1716094 0.5664439
-0.1035996 0.01726706 0.5555723
-0.001671992 0.01726706 0.5664439
-0.1035996 0.1716094 0.5555723
-0.2016102 0.01726706 0.5233755
-0.1035996 0.01726706 0.5555723
-0.2016102 0.1716094 0.5233755
-0.2919373 0.01726706 0.4710907
-0.2016102 0.01726706 0.5233755
-0.2919373 0.1716094 0.4710907
-0.3711096 0.01726706 0.4007272
-0.2919373 0.01726706 0.4710907
-0.3711096 0.1716094 0.4007272
-0.4360847 0.01726706 0.3149892
-0.3711096 0.01726706 0.4007272
-0.4360847 0.1716094 0.3149892
-0.4843655 0.01726706 0.2171713
-0.4360847 0.01726706 0.3149892
-0.3711096 0.1716094 -0.3994232
-0.4360847 0.1716094 -0.313685
0.3677655 0.1716094 -0.3994232
-0.4843655 0.1716094 0.2171713
-0.5140967 0.01726706 0.1110326
-0.4843655 0.01726706 0.2171713
-0.5140967 0.1716094 0.1110326
-0.5241357 0.01726706 0.0006520544
-0.5140967 0.01726706 0.1110326
-0.4360847 0.01726706 0.3149892
-0.4843655 0.01726706 0.2171713
0.4327407 0.01726706 0.3149891
-0.5241357 0.1716094 0.0006520544
-0.5140967 0.1716094 -0.1097285
-0.5140967 0.01726706 -0.1097285
-0.5140967 0.1716094 -0.1097285
-0.4843655 0.1716094 -0.2158671
-0.4843655 0.01726706 -0.2158671
-0.4843655 0.1716094 -0.2158671
-0.4360847 0.1716094 -0.313685
-0.4360847 0.01726706 -0.313685
-0.4360847 0.1716094 -0.313685
-0.3711096 0.1716094 -0.3994232
-0.3711096 0.01726706 -0.3994232
-0.3711096 0.1716094 -0.3994232
-0.2919373 0.1716094 -0.4697867
-0.2919373 0.01726706 -0.4697867
-0.2919373 0.1716094 -0.4697867
-0.2016103 0.1716094 -0.5220714
-0.2016103 0.01726706 -0.5220714
-0.2016103 0.1716094 -0.5220714
-0.1035996 0.1716094 -0.5542682
-0.1035996 0.01726706 -0.5542682
-0.1035996 0.1716094 -0.5542682
-0.001672042 0.1716094 -0.5651398
-0.001672042 0.01726706 -0.5651398
-0.001672042 0.1716094 -0.5651398
0.1002556 0.1716094 -0.5542682
0.1002556 0.01726706 -0.5542682
0.1002556 0.1716094 -0.5542682
0.1982662 0.1716094 -0.5220714
0.1982662 0.01726706 -0.5220714
0.1982662 0.1716094 -0.5220714
0.2885932 0.1716094 -0.4697867
0.2885932 0.01726706 -0.4697867
0.2885932 0.1716094 -0.4697867
0.3677655 0.1716094 -0.3994232
0.3677655 0.01726706 -0.3994232
0.3677655 0.1716094 -0.3994232
0.4327407 0.1716094 -0.3136851
0.4327407 0.01726706 -0.3136851
0.4327407 0.1716094 -0.3136851
0.4810215 0.1716094 -0.2158672
0.4810215 0.01726706 -0.2158672
0.4810215 0.1716094 -0.2158672
0.5107527 0.1716094 -0.1097285
0.5107527 0.01726706 -0.1097285
0.5107527 0.1716094 -0.1097285
0.5207916 0.1716094 0.0006520088
0.5207916 0.01726706 0.0006520088
0.5207916 0.1716094 0.0006520088
0.5107527 0.1716094 0.1110325
0.5107527 0.01726706 0.1110325
0.5107527 0.1716094 0.1110325
0.4810215 0.1716094 0.2171712
0.4810215 0.01726706 0.2171712
0.4810215 0.1716094 0.2171712
0.4327407 0.1716094 0.3149891
0.4327407 0.01726706 0.3149891
0.4327407 0.1716094 0.3149891
0.3677656 0.1716094 0.4007272
0.3677656 0.01726706 0.4007272
0.3677656 0.1716094 0.4007272
0.2885933 0.1716094 0.4710907
0.2885933 0.01726706 0.4710907
0.2885933 0.1716094 0.4710907
0.1982662 0.1716094 0.5233755
0.1982662 0.01726706 0.5233755
0.1982662 0.1716094 0.5233755
0.1002556 0.1716094 0.5555723
0.1002556 0.01726706 0.5555723
0.1002556 0.1716094 0.5555723
-0.001671992 0.1716094 0.5664439
-0.001671992 0.01726706 0.5664439
-0.001671992 0.1716094 0.5664439
-0.1035996 0.1716094 0.5555723
-0.1035996 0.01726706 0.5555723
-0.1035996 0.1716094 0.5555723
-0.2016102 0.1716094 0.5233755
-0.2016102 0.01726706 0.5233755
-0.2016102 0.1716094 0.5233755
-0.2919373 0.1716094 0.4710907
-0.2919373 0.01726706 0.4710907
-0.2919373 0.1716094 0.4710907
-0.3711096 0.1716094 0.4007272
-0.3711096 0.01726706 0.4007272
-0.3711096 0.1716094 0.4007272
-0.4360847 0.1716094 0.3149892
-0.4360847 0.01726706 0.3149892
-0.4360847 0.1716094 0.3149892
-0.4843655 0.1716094 0.2171713
-0.4843655 0.01726706 0.2171713
-0.4843655 0.1716094 -0.2158671
-0.5140967 0.1716094 -0.1097285
0.5107527 0.1716094 -0.1097285
-0.5140967 0.1716094 -0.1097285
-0.5241357 0.1716094 0.0006520544
0.5207916 0.1716094 0.0006520088
-0.5241357 0.1716094 0.0006520544
-0.5140967 0.1716094 0.1110326
0.5107527 0.1716094 0.1110325
-0.5140967 0.1716094 0.1110326
-0.4843655 0.1716094 0.2171713
0.4810215 0.1716094 0.2171712
-0.4843655 0.1716094 0.2171713
-0.4360847 0.1716094 0.3149892
0.4810215 0.1716094 0.2171712
-0.4360847 0.1716094 0.3149892
-0.3711096 0.1716094 0.4007272
0.4327407 0.1716094 0.3149891
0.4810215 0.1716094 0.2171712
-0.4360847 0.1716094 0.3149892
0.4327407 0.1716094 0.3149891
-0.3711096 0.1716094 0.4007272
-0.2919373 0.1716094 0.4710907
0.3677656 0.1716094 0.4007272
-0.2919373 0.1716094 0.4710907
-0.2016102 0.1716094 0.5233755
0.3677656 0.1716094 0.4007272
-0.2016102 0.1716094 0.5233755
-0.1035996 0.1716094 0.5555723
0.1982662 0.1716094 0.5233755
-0.1035996 0.1716094 0.5555723
-0.001671992 0.1716094 0.5664439
0.1982662 0.1716094 0.5233755
-0.001671992 0.1716094 0.5664439
0.1002556 0.1716094 0.5555723
0.1982662 0.1716094 0.5233755
0.1982662 0.1716094 0.5233755
0.2885933 0.1716094 0.4710907
-0.2016102 0.1716094 0.5233755
0.2885933 0.1716094 0.4710907
0.3677656 0.1716094 0.4007272
-0.2016102 0.1716094 0.5233755
0.3677656 0.1716094 0.4007272
0.4327407 0.1716094 0.3149891
-0.3711096 0.1716094 0.4007272
0.4810215 0.1716094 0.2171712
0.5107527 0.1716094 0.1110325
-0.5140967 0.1716094 0.1110326
0.5107527 0.1716094 0.1110325
0.5207916 0.1716094 0.0006520088
-0.5241357 0.1716094 0.0006520544
0.5207916 0.1716094 0.0006520088
0.5107527 0.1716094 -0.1097285
-0.5140967 0.1716094 -0.1097285
0.5107527 0.1716094 -0.1097285
0.4810215 0.1716094 -0.2158672
-0.4843655 0.1716094 -0.2158671
0.4810215 0.1716094 -0.2158672
0.4327407 0.1716094 -0.3136851
-0.4843655 0.1716094 -0.2158671
0.4327407 0.1716094 -0.3136851
0.3677655 0.1716094 -0.3994232
-0.4360847 0.1716094 -0.313685
-0.4843655 0.1716094 -0.2158671
0.4327407 0.1716094 -0.3136851
-0.4360847 0.1716094 -0.313685
0.3677655 0.1716094 -0.3994232
0.2885932 0.1716094 -0.4697867
-0.3711096 0.1716094 -0.3994232
0.2885932 0.1716094 -0.4697867
0.1982662 0.1716094 -0.5220714
-0.3711096 0.1716094 -0.3994232
0.1982662 0.1716094 -0.5220714
0.1002556 0.1716094 -0.5542682
-0.001672042 0.1716094 -0.5651398
-0.001672042 0.1716094 -0.5651398
-0.1035996 0.1716094 -0.5542682
0.1982662 0.1716094 -0.5220714
-0.1035996 0.1716094 -0.5542682
-0.2016103 0.1716094 -0.5220714
0.1982662 0.1716094 -0.5220714
-0.2016103 0.1716094 -0.5220714
-0.2919373 0.1716094 -0.4697867
0.1982662 0.1716094 -0.5220714
-0.2919373 0.1716094 -0.4697867
-0.3711096 0.1716094 -0.3994232
0.1982662 0.1716094 -0.5220714
-0.4843655 0.1716094 0.2171713
-0.5140967 0.1716094 0.1110326
-0.5140967 0.01726706 0.1110326
-0.5140967 0.1716094 0.1110326
-0.5241357 0.1716094 0.0006520544
-0.5241357 0.01726706 0.0006520544
-0.5140967 0.01726706 0.1110326
-0.5241357 0.01726706 0.0006520544
0.5207916 0.01726706 0.0006520088
-0.5241357 0.01726706 0.0006520544
-0.5140967 0.01726706 -0.1097285
0.5107527 0.01726706 -0.1097285
-0.5140967 0.01726706 -0.1097285
-0.4843655 0.01726706 -0.2158671
0.5107527 0.01726706 -0.1097285
-0.4843655 0.01726706 -0.2158671
-0.4360847 0.01726706 -0.313685
0.4810215 0.01726706 -0.2158672
0.5107527 0.01726706 -0.1097285
-0.4843655 0.01726706 -0.2158671
0.4810215 0.01726706 -0.2158672
-0.4360847 0.01726706 -0.313685
-0.3711096 0.01726706 -0.3994232
0.3677655 0.01726706 -0.3994232
-0.3711096 0.01726706 -0.3994232
-0.2919373 0.01726706 -0.4697867
0.2885932 0.01726706 -0.4697867
-0.2919373 0.01726706 -0.4697867
-0.2016103 0.01726706 -0.5220714
0.2885932 0.01726706 -0.4697867
-0.2016103 0.01726706 -0.5220714
-0.1035996 0.01726706 -0.5542682
0.2885932 0.01726706 -0.4697867
-0.1035996 0.01726706 -0.5542682
-0.001672042 0.01726706 -0.5651398
0.1002556 0.01726706 -0.5542682
0.1002556 0.01726706 -0.5542682
0.1982662 0.01726706 -0.5220714
-0.1035996 0.01726706 -0.5542682
0.1982662 0.01726706 -0.5220714
0.2885932 0.01726706 -0.4697867
-0.1035996 0.01726706 -0.5542682
0.2885932 0.01726706 -0.4697867
0.3677655 0.01726706 -0.3994232
-0.3711096 0.01726706 -0.3994232
0.3677655 0.01726706 -0.3994232
0.4327407 0.01726706 -0.3136851
-0.4360847 0.01726706 -0.313685
0.4327407 0.01726706 -0.3136851
0.4810215 0.01726706 -0.2158672
-0.4360847 0.01726706 -0.313685
0.5107527 0.01726706 -0.1097285
0.5207916 0.01726706 0.0006520088
-0.5241357 0.01726706 0.0006520544
0.5207916 0.01726706 0.0006520088
0.5107527 0.01726706 0.1110325
-0.5140967 0.01726706 0.1110326
0.5107527 0.01726706 0.1110325
0.4810215 0.01726706 0.2171712
-0.5140967 0.01726706 0.1110326
0.4810215 0.01726706 0.2171712
0.4327407 0.01726706 0.3149891
-0.4843655 0.01726706 0.2171713
-0.5140967 0.01726706 0.1110326
0.4810215 0.01726706 0.2171712
-0.4843655 0.01726706 0.2171713
0.4327407 0.01726706 0.3149891
0.3677656 0.01726706 0.4007272
-0.3711096 0.01726706 0.4007272
0.3677656 0.01726706 0.4007272
0.2885933 0.01726706 0.4710907
-0.2919373 0.01726706 0.4710907
0.2885933 0.01726706 0.4710907
0.1982662 0.01726706 0.5233755
-0.2919373 0.01726706 0.4710907
0.1982662 0.01726706 0.5233755
0.1002556 0.01726706 0.5555723
-0.2919373 0.01726706 0.4710907
0.1002556 0.01726706 0.5555723
-0.001671992 0.01726706 0.5664439
-0.1035996 0.01726706 0.5555723
-0.1035996 0.01726706 0.5555723
-0.2016102 0.01726706 0.5233755
0.1002556 0.01726706 0.5555723
-0.2016102 0.01726706 0.5233755
-0.2919373 0.01726706 0.4710907
0.1002556 0.01726706 0.5555723
-0.2919373 0.01726706 0.4710907
-0.3711096 0.01726706 0.4007272
0.3677656 0.01726706 0.4007272
-0.3711096 0.01726706 0.4007272
-0.4360847 0.01726706 0.3149892
0.4327407 0.01726706 0.3149891
0.4616062 2.245192 0.0006520112
0.002255712 1.443439 0.0006520313
0.4527798 2.245192 -0.09054684
0.4527798 2.245192 -0.09054684
0.002255712 1.443439 0.0006520313
0.4266401 2.245192 -0.178241
0.4266401 2.245192 -0.178241
0.002255712 1.443439 0.0006520313
0.3841916 2.245192 -0.2590603
0.3841916 2.245192 -0.2590603
0.002255712 1.443439 0.0006520313
0.3270654 2.245191 -0.3298991
0.3270654 2.245191 -0.3298991
0.002255712 1.443439 0.0006520313
0.2574569 2.245191 -0.3880349
0.2574569 2.245191 -0.3880349
0.002255712 1.443439 0.0006520313
0.1780412 2.245191 -0.4312338
0.1780412 2.245191 -0.4312338
0.002255712 1.443439 0.0006520313
0.09187017 2.245191 -0.4578355
0.09187017 2.245191 -0.4578355
0.002255712 1.443439 0.0006520313
0.00225524 2.245191 -0.4668179
0.00225524 2.245191 -0.4668179
0.002255712 1.443439 0.0006520313
-0.08735967 2.245191 -0.4578355
-0.08735967 2.245191 -0.4578355
0.002255712 1.443439 0.0006520313
-0.1735308 2.245191 -0.4312338
-0.1735308 2.245191 -0.4312338
0.002255712 1.443439 0.0006520313
-0.2529465 2.245191 -0.3880349
-0.2529465 2.245191 -0.3880349
0.002255712 1.443439 0.0006520313
-0.3225549 2.245191 -0.329899
-0.3225549 2.245191 -0.329899
0.002255712 1.443439 0.0006520313
-0.3796811 2.245191 -0.2590603
-0.3796811 2.245191 -0.2590603
0.002255712 1.443439 0.0006520313
-0.4221296 2.245191 -0.1782409
-0.4221296 2.245191 -0.1782409
0.002255712 1.443439 0.0006520313
-0.4482693 2.245191 -0.0905468
-0.4482693 2.245191 -0.0905468
0.002255712 1.443439 0.0006520313
-0.4570957 2.245191 0.0006520514
-0.4570957 2.245191 0.0006520514
0.002255712 1.443439 0.0006520313
-0.4482693 2.245191 0.0918509
-0.4482693 2.245191 0.0918509
0.002255712 1.443439 0.0006520313
-0.4221296 2.245191 0.179545
-0.4221296 2.245191 0.179545
0.002255712 1.443439 0.0006520313
-0.3796811 2.245191 0.2603644
-0.3796811 2.245191 0.2603644
0.002255712 1.443439 0.0006520313
-0.3225549 2.245191 0.3312032
-0.3225549 2.245191 0.3312032
0.002255712 1.443439 0.0006520313
-0.2529464 2.245191 0.389339
-0.2529464 2.245191 0.389339
0.002255712 1.443439 0.0006520313
-0.1735307 2.245191 0.4325379
-0.1735307 2.245191 0.4325379
0.002255712 1.443439 0.0006520313
-0.08735964 2.245191 0.4591396
-0.08735964 2.245191 0.4591396
0.002255712 1.443439 0.0006520313
0.00225528 2.245191 0.4681219
0.00225528 2.245191 0.4681219
0.002255712 1.443439 0.0006520313
0.0918702 2.245191 0.4591396
0.0918702 2.245191 0.4591396
0.002255712 1.443439 0.0006520313
0.1780413 2.245191 0.4325379
0.1780413 2.245191 0.4325379
0.002255712 1.443439 0.0006520313
0.257457 2.245191 0.389339
0.257457 2.245191 0.389339
0.002255712 1.443439 0.0006520313
0.3270654 2.245191 0.3312031
0.3270654 2.245191 0.3312031
0.002255712 1.443439 0.0006520313
0.3841916 2.245192 0.2603644
0.3841916 2.245192 0.2603644
0.002255712 1.443439 0.0006520313
0.4266401 2.245192 0.179545
0.257457 2.245191 0.389339
0.3841916 2.245192 0.2603644
-0.3796811 2.245191 0.2603644
0.4266401 2.245192 0.179545
0.002255712 1.443439 0.0006520313
0.4527798 2.245192 0.09185086
0.4527798 2.245192 0.09185086
0.002255712 1.443439 0.0006520313
0.4616062 2.245192 0.0006520112
0.4527798 2.245192 0.09185086
0.4616062 2.245192 0.0006520112
-0.4482693 2.245191 -0.0905468
0.4616062 2.245192 0.0006520112
0.4527798 2.245192 -0.09054684
-0.4482693 2.245191 -0.0905468
0.4527798 2.245192 -0.09054684
0.4266401 2.245192 -0.178241
-0.4482693 2.245191 -0.0905468
0.4266401 2.245192 -0.178241
0.3841916 2.245192 -0.2590603
-0.4482693 2.245191 -0.0905468
0.3841916 2.245192 -0.2590603
0.3270654 2.245191 -0.3298991
0.2574569 2.245191 -0.3880349
0.2574569 2.245191 -0.3880349
0.1780412 2.245191 -0.4312338
0.09187017 2.245191 -0.4578355
0.09187017 2.245191 -0.4578355
0.00225524 2.245191 -0.4668179
-0.08735967 2.245191 -0.4578355
-0.08735967 2.245191 -0.4578355
-0.1735308 2.245191 -0.4312338
0.09187017 2.245191 -0.4578355
-0.1735308 2.245191 -0.4312338
-0.2529465 2.245191 -0.3880349
0.09187017 2.245191 -0.4578355
-0.2529465 2.245191 -0.3880349
-0.3225549 2.245191 -0.329899
-0.3796811 2.245191 -0.2590603
-0.3796811 2.245191 -0.2590603
-0.4221296 2.245191 -0.1782409
0.3841916 2.245192 -0.2590603
-0.4221296 2.245191 -0.1782409
-0.4482693 2.245191 -0.0905468
0.3841916 2.245192 -0.2590603
-0.4482693 2.245191 -0.0905468
-0.4570957 2.245191 0.0006520514
0.4527798 2.245192 0.09185086
-0.4570957 2.245191 0.0006520514
-0.4482693 2.245191 0.0918509
0.4527798 2.245192 0.09185086
-0.4482693 2.245191 0.0918509
-0.4221296 2.245191 0.179545
0.4527798 2.245192 0.09185086
-0.4221296 2.245191 0.179545
-0.3796811 2.245191 0.2603644
0.4527798 2.245192 0.09185086
-0.3796811 2.245191 0.2603644
-0.3225549 2.245191 0.3312032
-0.2529464 2.245191 0.389339
-0.2529464 2.245191 0.389339
-0.1735307 2.245191 0.4325379
-0.08735964 2.245191 0.4591396
-0.08735964 2.245191 0.4591396
0.00225528 2.245191 0.4681219
0.0918702 2.245191 0.4591396
0.0918702 2.245191 0.4591396
0.1780413 2.245191 0.4325379
-0.08735964 2.245191 0.4591396
0.1780413 2.245191 0.4325379
0.257457 2.245191 0.389339
-0.08735964 2.245191 0.4591396
0.257457 2.245191 0.389339
0.3270654 2.245191 0.3312031
0.3841916 2.245192 0.2603644
0.3841916 2.245192 0.2603644
0.4266401 2.245192 0.179545
-0.3796811 2.245191 0.2603644
0.4266401 2.245192 0.179545
0.4527798 2.245192 0.09185086
-0.3796811 2.245191 0.2603644
0.3841916 2.245192 -0.2590603
0.2574569 2.245191 -0.3880349
-0.2529465 2.245191 -0.3880349
0.2574569 2.245191 -0.3880349
0.09187017 2.245191 -0.4578355
-0.2529465 2.245191 -0.3880349
-0.2529465 2.245191 -0.3880349
-0.3796811 2.245191 -0.2590603
0.3841916 2.245192 -0.2590603
-0.3796811 2.245191 0.2603644
-0.2529464 2.245191 0.389339
0.257457 2.245191 0.389339
-0.2529464 2.245191 0.389339
-0.08735964 2.245191 0.4591396
0.257457 2.245191 0.389339
-0.2554364 1.949501 0.0006520427
-0.2505604 0.9159461 -0.05296057
-0.2554364 0.9159461 0.0006520427
-0.2505604 1.949501 -0.05296057
-0.2361197 0.9159461 -0.1045129
-0.2505604 0.9159461 -0.05296057
-0.2361197 1.949501 -0.1045129
-0.2126694 0.9159461 -0.1520237
-0.2361197 0.9159461 -0.1045129
-0.2126694 1.949501 -0.1520237
-0.1811105 0.9159461 -0.1936674
-0.2126694 0.9159461 -0.1520237
-0.1811105 1.949501 -0.1936674
-0.142656 0.9159461 -0.2278434
-0.1811105 0.9159461 -0.1936674
-0.142656 1.949501 -0.2278434
-0.09878346 0.9159461 -0.2532385
-0.142656 0.9159461 -0.2278434
-0.09878346 1.949501 -0.2532385
-0.051179 0.9159461 -0.2688767
-0.09878346 0.9159461 -0.2532385
-0.051179 1.949501 -0.2688767
-0.001672029 0.9159461 -0.2741571
-0.051179 0.9159461 -0.2688767
-0.001672029 1.949501 -0.2741571
0.04783494 0.9159461 -0.2688767
-0.001672029 0.9159461 -0.2741571
0.04783494 1.949501 -0.2688767
0.0954394 0.9159461 -0.2532385
0.04783494 0.9159461 -0.2688767
0.0954394 1.949501 -0.2532385
0.1393119 0.9159461 -0.2278434
0.0954394 0.9159461 -0.2532385
0.1393119 1.949501 -0.2278434
0.1777665 0.9159461 -0.1936674
0.1393119 0.9159461 -0.2278434
0.1777665 1.949501 -0.1936674
0.2093253 0.9159461 -0.1520238
0.1777665 0.9159461 -0.1936674
0.2093253 1.949501 -0.1520238
0.2327757 0.9159461 -0.1045129
0.2093253 0.9159461 -0.1520238
0.2327757 1.949501 -0.1045129
0.2472163 0.9159461 -0.05296059
0.2327757 0.9159461 -0.1045129
0.2472163 1.949501 -0.05296059
0.2520924 0.9159461 0.0006520205
0.2472163 0.9159461 -0.05296059
0.2520924 1.949501 0.0006520205
0.2472163 0.9159461 0.05426463
0.2520924 0.9159461 0.0006520205
0.2472163 1.949501 0.05426463
0.2327757 0.9159461 0.1058169
0.2472163 0.9159461 0.05426463
0.2327757 1.949501 0.1058169
0.2093253 0.9159461 0.1533278
0.2327757 0.9159461 0.1058169
0.2093253 1.949501 0.1533278
0.1777665 0.9159461 0.1949714
0.2093253 0.9159461 0.1533278
0.1777665 1.949501 0.1949714
0.1393119 0.9159461 0.2291475
0.1777665 0.9159461 0.1949714
0.1393119 1.949501 0.2291475
0.09543942 0.9159461 0.2545426
0.1393119 0.9159461 0.2291475
0.09543942 1.949501 0.2545426
0.04783497 0.9159461 0.2701808
0.09543942 0.9159461 0.2545426
0.04783497 1.949501 0.2701808
-0.001672005 0.9159461 0.2754612
0.04783497 0.9159461 0.2701808
-0.001672005 1.949501 0.2754612
-0.05117898 0.9159461 0.2701808
-0.001672005 0.9159461 0.2754612
-0.05117898 1.949501 0.2701808
-0.09878343 0.9159461 0.2545426
-0.05117898 0.9159461 0.2701808
-0.09878343 1.949501 0.2545426
-0.1426559 0.9159461 0.2291475
-0.09878343 0.9159461 0.2545426
-0.1426559 1.949501 0.2291475
-0.1811105 0.9159461 0.1949715
-0.1426559 0.9159461 0.2291475
-0.1811105 1.949501 0.1949715
-0.2126694 0.9159461 0.1533278
-0.1811105 0.9159461 0.1949715
-0.2126694 1.949501 0.1533278
-0.2361197 0.9159461 0.105817
-0.2126694 0.9159461 0.1533278
-0.2126694 1.949501 -0.1520237
-0.2361197 1.949501 -0.1045129
0.1777665 1.949501 -0.1936674
-0.2361197 1.949501 0.105817
-0.2505604 0.9159461 0.05426465
-0.2361197 0.9159461 0.105817
-0.2505604 1.949501 0.05426465
-0.2554364 0.9159461 0.0006520427
-0.2505604 0.9159461 0.05426465
0.1393119 0.9159461 0.2291475
0.04783497 0.9159461 0.2701808
-0.1426559 0.9159461 0.2291475
-0.2554364 1.949501 0.0006520427
-0.2505604 1.949501 -0.05296057
-0.2505604 0.9159461 -0.05296057
-0.2505604 1.949501 -0.05296057
-0.2361197 1.949501 -0.1045129
-0.2361197 0.9159461 -0.1045129
-0.2361197 1.949501 -0.1045129
-0.2126694 1.949501 -0.1520237
-0.2126694 0.9159461 -0.1520237
-0.2126694 1.949501 -0.1520237
-0.1811105 1.949501 -0.1936674
-0.1811105 0.9159461 -0.1936674
-0.1811105 1.949501 -0.1936674
-0.142656 1.949501 -0.2278434
-0.142656 0.9159461 -0.2278434
-0.142656 1.949501 -0.2278434
-0.09878346 1.949501 -0.2532385
-0.09878346 0.9159461 -0.2532385
-0.09878346 1.949501 -0.2532385
-0.051179 1.949501 -0.2688767
-0.051179 0.9159461 -0.2688767
-0.051179 1.949501 -0.2688767
-0.001672029 1.949501 -0.2741571
-0.001672029 0.9159461 -0.2741571
-0.001672029 1.949501 -0.2741571
0.04783494 1.949501 -0.2688767
0.04783494 0.9159461 -0.2688767
0.04783494 1.949501 -0.2688767
0.0954394 1.949501 -0.2532385
0.0954394 0.9159461 -0.2532385
0.0954394 1.949501 -0.2532385
0.1393119 1.949501 -0.2278434
0.1393119 0.9159461 -0.2278434
0.1393119 1.949501 -0.2278434
0.1777665 1.949501 -0.1936674
0.1777665 0.9159461 -0.1936674
0.1777665 1.949501 -0.1936674
0.2093253 1.949501 -0.1520238
0.2093253 0.9159461 -0.1520238
0.2093253 1.949501 -0.1520238
0.2327757 1.949501 -0.1045129
0.2327757 0.9159461 -0.1045129
0.2327757 1.949501 -0.1045129
0.2472163 1.949501 -0.05296059
0.2472163 0.9159461 -0.05296059
0.2472163 1.949501 -0.05296059
0.2520924 1.949501 0.0006520205
0.2520924 0.9159461 0.0006520205
0.2520924 1.949501 0.0006520205
0.2472163 1.949501 0.05426463
0.2472163 0.9159461 0.05426463
0.2472163 1.949501 0.05426463
0.2327757 1.949501 0.1058169
0.2327757 0.9159461 0.1058169
0.2327757 1.949501 0.1058169
0.2093253 1.949501 0.1533278
0.2093253 0.9159461 0.1533278
0.2093253 1.949501 0.1533278
0.1777665 1.949501 0.1949714
0.1777665 0.9159461 0.1949714
0.1777665 1.949501 0.1949714
0.1393119 1.949501 0.2291475
0.1393119 0.9159461 0.2291475
0.1393119 1.949501 0.2291475
0.09543942 1.949501 0.2545426
0.09543942 0.9159461 0.2545426
0.09543942 1.949501 0.2545426
0.04783497 1.949501 0.2701808
0.04783497 0.9159461 0.2701808
0.04783497 1.949501 0.2701808
-0.001672005 1.949501 0.2754612
-0.001672005 0.9159461 0.2754612
-0.001672005 1.949501 0.2754612
-0.05117898 1.949501 0.2701808
-0.05117898 0.9159461 0.2701808
-0.05117898 1.949501 0.2701808
-0.09878343 1.949501 0.2545426
-0.09878343 0.9159461 0.2545426
-0.09878343 1.949501 0.2545426
-0.1426559 1.949501 0.2291475
-0.1426559 0.9159461 0.2291475
-0.1426559 1.949501 0.2291475
-0.1811105 1.949501 0.1949715
-0.1811105 0.9159461 0.1949715
-0.1811105 1.949501 0.1949715
-0.2126694 1.949501 0.1533278
-0.2126694 0.9159461 0.1533278
-0.2126694 1.949501 0.1533278
-0.2361197 1.949501 0.105817
-0.2361197 0.9159461 0.105817
-0.2361197 1.949501 -0.1045129
-0.2505604 1.949501 -0.05296057
0.2520924 1.949501 0.0006520205
-0.2505604 1.949501 -0.05296057
-0.2554364 1.949501 0.0006520427
0.2520924 1.949501 0.0006520205
-0.2554364 1.949501 0.0006520427
-0.2505604 1.949501 0.05426465
0.2327757 1.949501 0.1058169
-0.2505604 1.949501 0.05426465
-0.2361197 1.949501 0.105817
0.2327757 1.949501 0.1058169
-0.2361197 1.949501 0.105817
-0.2126694 1.949501 0.1533278
0.2327757 1.949501 0.1058169
-0.2126694 1.949501 0.1533278
-0.1811105 1.949501 0.1949715
0.2327757 1.949501 0.1058169
-0.1811105 1.949501 0.1949715
-0.1426559 1.949501 0.2291475
0.1777665 1.949501 0.1949714
-0.1426559 1.949501 0.2291475
-0.09878343 1.949501 0.2545426
0.1777665 1.949501 0.1949714
-0.09878343 1.949501 0.2545426
-0.05117898 1.949501 0.2701808
-0.001672005 1.949501 0.2754612
-0.001672005 1.949501 0.2754612
0.04783497 1.949501 0.2701808
-0.09878343 1.949501 0.2545426
0.04783497 1.949501 0.2701808
0.09543942 1.949501 0.2545426
-0.09878343 1.949501 0.2545426
0.09543942 1.949501 0.2545426
0.1393119 1.949501 0.2291475
-0.09878343 1.949501 0.2545426
0.1393119 1.949501 0.2291475
0.1777665 1.949501 0.1949714
-0.09878343 1.949501 0.2545426
0.1777665 1.949501 0.1949714
0.2093253 1.949501 0.1533278
-0.1811105 1.949501 0.1949715
0.2093253 1.949501 0.1533278
0.2327757 1.949501 0.1058169
-0.1811105 1.949501 0.1949715
0.2327757 1.949501 0.1058169
0.2472163 1.949501 0.05426463
-0.2554364 1.949501 0.0006520427
0.2472163 1.949501 0.05426463
0.2520924 1.949501 0.0006520205
-0.2554364 1.949501 0.0006520427
0.2520924 1.949501 0.0006520205
0.2472163 1.949501 -0.05296059
-0.2361197 1.949501 -0.1045129
0.2472163 1.949501 -0.05296059
0.2327757 1.949501 -0.1045129
-0.2361197 1.949501 -0.1045129
0.2327757 1.949501 -0.1045129
0.2093253 1.949501 -0.1520238
-0.2361197 1.949501 -0.1045129
0.2093253 1.949501 -0.1520238
0.1777665 1.949501 -0.1936674
-0.2361197 1.949501 -0.1045129
0.1777665 1.949501 -0.1936674
0.1393119 1.949501 -0.2278434
-0.1811105 1.949501 -0.1936674
0.1393119 1.949501 -0.2278434
0.0954394 1.949501 -0.2532385
-0.1811105 1.949501 -0.1936674
0.0954394 1.949501 -0.2532385
0.04783494 1.949501 -0.2688767
-0.09878346 1.949501 -0.2532385
0.04783494 1.949501 -0.2688767
-0.001672029 1.949501 -0.2741571
-0.09878346 1.949501 -0.2532385
-0.001672029 1.949501 -0.2741571
-0.051179 1.949501 -0.2688767
-0.09878346 1.949501 -0.2532385
-0.09878346 1.949501 -0.2532385
-0.142656 1.949501 -0.2278434
0.0954394 1.949501 -0.2532385
-0.142656 1.949501 -0.2278434
-0.1811105 1.949501 -0.1936674
0.0954394 1.949501 -0.2532385
-0.1811105 1.949501 -0.1936674
-0.2126694 1.949501 -0.1520237
0.1777665 1.949501 -0.1936674
-0.2361197 1.949501 0.105817
-0.2505604 1.949501 0.05426465
-0.2505604 0.9159461 0.05426465
-0.2505604 1.949501 0.05426465
-0.2554364 1.949501 0.0006520427
-0.2554364 0.9159461 0.0006520427
-0.2505604 0.9159461 0.05426465
-0.2554364 0.9159461 0.0006520427
0.2472163 0.9159461 -0.05296059
-0.2554364 0.9159461 0.0006520427
-0.2505604 0.9159461 -0.05296057
0.2472163 0.9159461 -0.05296059
-0.2505604 0.9159461 -0.05296057
-0.2361197 0.9159461 -0.1045129
0.2472163 0.9159461 -0.05296059
-0.2361197 0.9159461 -0.1045129
-0.2126694 0.9159461 -0.1520237
0.2472163 0.9159461 -0.05296059
-0.2126694 0.9159461 -0.1520237
-0.1811105 0.9159461 -0.1936674
0.1393119 0.9159461 -0.2278434
-0.1811105 0.9159461 -0.1936674
-0.142656 0.9159461 -0.2278434
0.1393119 0.9159461 -0.2278434
-0.142656 0.9159461 -0.2278434
-0.09878346 0.9159461 -0.2532385
-0.051179 0.9159461 -0.2688767
-0.051179 0.9159461 -0.2688767
-0.001672029 0.9159461 -0.2741571
0.04783494 0.9159461 -0.2688767
0.04783494 0.9159461 -0.2688767
0.0954394 0.9159461 -0.2532385
-0.051179 0.9159461 -0.2688767
0.0954394 0.9159461 -0.2532385
0.1393119 0.9159461 -0.2278434
-0.051179 0.9159461 -0.2688767
0.1393119 0.9159461 -0.2278434
0.1777665 0.9159461 -0.1936674
-0.2126694 0.9159461 -0.1520237
0.1777665 0.9159461 -0.1936674
0.2093253 0.9159461 -0.1520238
-0.2126694 0.9159461 -0.1520237
0.2093253 0.9159461 -0.1520238
0.2327757 0.9159461 -0.1045129
-0.2126694 0.9159461 -0.1520237
0.2327757 0.9159461 -0.1045129
0.2472163 0.9159461 -0.05296059
-0.2126694 0.9159461 -0.1520237
0.2472163 0.9159461 -0.05296059
0.2520924 0.9159461 0.0006520205
-0.2505604 0.9159461 0.05426465
0.2520924 0.9159461 0.0006520205
0.2472163 0.9159461 0.05426463
-0.2505604 0.9159461 0.05426465
0.2472163 0.9159461 0.05426463
0.2327757 0.9159461 0.1058169
-0.2505604 0.9159461 0.05426465
0.2327757 0.9159461 0.1058169
0.2093253 0.9159461 0.1533278
-0.2505604 0.9159461 0.05426465
0.2093253 0.9159461 0.1533278
0.1777665 0.9159461 0.1949714
-0.1426559 0.9159461 0.2291475
0.1777665 0.9159461 0.1949714
0.1393119 0.9159461 0.2291475
-0.1426559 0.9159461 0.2291475
0.1393119 0.9159461 0.2291475
0.09543942 0.9159461 0.2545426
0.04783497 0.9159461 0.2701808
0.04783497 0.9159461 0.2701808
-0.001672005 0.9159461 0.2754612
-0.05117898 0.9159461 0.2701808
-0.05117898 0.9159461 0.2701808
-0.09878343 0.9159461 0.2545426
0.04783497 0.9159461 0.2701808
-0.09878343 0.9159461 0.2545426
-0.1426559 0.9159461 0.2291475
0.04783497 0.9159461 0.2701808
-0.1426559 0.9159461 0.2291475
-0.1811105 0.9159461 0.1949715
0.2093253 0.9159461 0.1533278
-0.1811105 0.9159461 0.1949715
-0.2126694 0.9159461 0.1533278
0.2093253 0.9159461 0.1533278
-0.2126694 0.9159461 0.1533278
-0.2361197 0.9159461 0.105817
0.2093253 0.9159461 0.1533278
-0.2361197 0.9159461 0.105817
-0.2505604 0.9159461 0.05426465
0.2093253 0.9159461 0.1533278
-0.142656 0.9159461 -0.2278434
-0.051179 0.9159461 -0.2688767
0.1393119 0.9159461 -0.2278434
0.08121503 2.842556 -0.08765742
-0.08151444 2.338492 -0.08765741
0.08121503 2.338492 -0.08765742
-0.08151444 2.842556 -0.08765741
-0.08151443 2.338492 0.09202144
-0.08151444 2.338492 -0.08765741
-0.08151443 2.842556 0.09202144
0.08121504 2.338492 0.09202143
-0.08151443 2.338492 0.09202144
0.08121504 2.842556 0.09202143
0.08121503 2.338492 -0.08765742
0.08121504 2.338492 0.09202143
-0.08151443 2.338492 0.09202144
0.08121503 2.338492 -0.08765742
-0.08151444 2.338492 -0.08765741
-0.08151444 2.842556 -0.08765741
0.08121504 2.842556 0.09202143
-0.08151443 2.842556 0.09202144
0.08121503 2.842556 -0.08765742
-0.08151444 2.842556 -0.08765741
-0.08151444 2.338492 -0.08765741
-0.08151444 2.842556 -0.08765741
-0.08151443 2.842556 0.09202144
-0.08151443 2.338492 0.09202144
-0.08151443 2.842556 0.09202144
0.08121504 2.842556 0.09202143
0.08121504 2.338492 0.09202143
0.08121504 2.842556 0.09202143
0.08121503 2.842556 -0.08765742
0.08121503 2.338492 -0.08765742
-0.08151443 2.338492 0.09202144
0.08121504 2.338492 0.09202143
0.08121503 2.338492 -0.08765742
-0.08151444 2.842556 -0.08765741
0.08121503 2.842556 -0.08765742
0.08121504 2.842556 0.09202143
-0.2134874 2.729631 -0.08765741
0.2131881 2.585906 -0.08765743
0.2131881 2.729631 -0.08765743
-0.2134874 2.585906 -0.08765741
0.2131881 2.585906 0.09202142
0.2131881 2.585906 -0.08765743
-0.2134874 2.585906 0.09202144
0.2131881 2.729631 0.09202142
0.2131881 2.585906 0.09202142
-0.2134874 2.729631 0.09202144
0.2131881 2.729631 -0.08765743
0.2131881 2.729631 0.09202142
0.2131881 2.585906 0.09202142
0.2131881 2.729631 -0.08765743
0.2131881 2.585906 -0.08765743
-0.2134874 2.585906 -0.08765741
-0.2134874 2.729631 0.09202144
-0.2134874 2.585906 0.09202144
-0.2134874 2.729631 -0.08765741
-0.2134874 2.585906 -0.08765741
0.2131881 2.585906 -0.08765743
-0.2134874 2.585906 -0.08765741
-0.2134874 2.585906 0.09202144
0.2131881 2.585906 0.09202142
-0.2134874 2.585906 0.09202144
-0.2134874 2.729631 0.09202144
0.2131881 2.729631 0.09202142
-0.2134874 2.729631 0.09202144
-0.2134874 2.729631 -0.08765741
0.2131881 2.729631 -0.08765743
0.2131881 2.585906 0.09202142
0.2131881 2.729631 0.09202142
0.2131881 2.729631 -0.08765743
-0.2134874 2.585906 -0.08765741
-0.2134874 2.729631 -0.08765741
-0.2134874 2.729631 0.09202144