-0.5326413 0.1723526 -0.2701969
-0.002486213 1.31674 -0.2701966
-0.5224544 0.1723526 -0.3818263
-0.5224544 0.1723526 -0.3818263
-0.002486213 1.31674 -0.2701966
-0.4922855 0.1723526 -0.4891658
-0.4922855 0.1723526 -0.4891658
-0.002486213 1.31674 -0.2701966
-0.4432938 0.1723526 -0.5880905
-0.4432938 0.1723526 -0.5880905
-0.002486213 1.31674 -0.2701966
-0.3773621 0.1723527 -0.6747987
-0.3773621 0.1723527 -0.6747987
-0.002486213 1.31674 -0.2701966
-0.297024 0.1723527 -0.7459583
-0.297024 0.1723527 -0.7459583
-0.002486213 1.31674 -0.2701966
-0.2053671 0.1723527 -0.7988346
-0.2053671 0.1723527 -0.7988346
-0.002486213 1.31674 -0.2701966
-0.1059135 0.1723528 -0.8313957
-0.1059135 0.1723528 -0.8313957
-0.002486213 1.31674 -0.2701966
-0.002485187 0.1723529 -0.8423902
-0.002485187 0.1723529 -0.8423902
-0.002486213 1.31674 -0.2701966
0.1009431 0.1723529 -0.8313956
0.1009431 0.1723529 -0.8313956
-0.002486213 1.31674 -0.2701966
0.2003967 0.172353 -0.7988344
0.2003967 0.172353 -0.7988344
-0.002486213 1.31674 -0.2701966
0.2920536 0.1723531 -0.745958
0.2920536 0.1723531 -0.745958
-0.002486213 1.31674 -0.2701966
0.3723915 0.1723531 -0.6747984
0.3723915 0.1723531 -0.6747984
-0.002486213 1.31674 -0.2701966
0.4383231 0.1723532 -0.5880901
0.4383231 0.1723532 -0.5880901
-0.002486213 1.31674 -0.2701966
0.4873147 0.1723532 -0.4891654
0.4873147 0.1723532 -0.4891654
-0.002486213 1.31674 -0.2701966
0.5174836 0.1723532 -0.3818258
0.5174836 0.1723532 -0.3818258
-0.002486213 1.31674 -0.2701966
0.5276704 0.1723532 -0.2701963
0.5276704 0.1723532 -0.2701963
-0.002486213 1.31674 -0.2701966
0.5174835 0.1723532 -0.1585669
0.5174835 0.1723532 -0.1585669
-0.002486213 1.31674 -0.2701966
0.4873145 0.1723532 -0.05122733
0.4873145 0.1723532 -0.05122733
-0.002486213 1.31674 -0.2701966
0.4383229 0.1723532 0.04769736
0.4383229 0.1723532 0.04769736
-0.002486213 1.31674 -0.2701966
0.3723911 0.1723531 0.1344056
0.3723911 0.1723531 0.1344056
-0.002486213 1.31674 -0.2701966
0.2920531 0.1723531 0.2055651
0.2920531 0.1723531 0.2055651
-0.002486213 1.31674 -0.2701966
0.2003962 0.172353 0.2584414
0.2003962 0.172353 0.2584414
-0.002486213 1.31674 -0.2701966
0.1009425 0.1723529 0.2910025
0.1009425 0.1723529 0.2910025
-0.002486213 1.31674 -0.2701966
-0.002485747 0.1723529 0.301997
-0.002485747 0.1723529 0.301997
-0.002486213 1.31674 -0.2701966
-0.105914 0.1723528 0.2910024
-0.105914 0.1723528 0.2910024
-0.002486213 1.31674 -0.2701966
-0.2053676 0.1723527 0.2584412
-0.2053676 0.1723527 0.2584412
-0.002486213 1.31674 -0.2701966
-0.2970245 0.1723527 0.2055648
-0.2970245 0.1723527 0.2055648
-0.002486213 1.31674 -0.2701966
-0.3773624 0.1723527 0.1344052
-0.3773624 0.1723527 0.1344052
-0.002486213 1.31674 -0.2701966
-0.4432941 0.1723526 0.04769694
-0.4432941 0.1723526 0.04769694
-0.002486213 1.31674 -0.2701966
-0.4922857 0.1723526 -0.05122779
0.5174836 0.1723532 -0.3818258
0.1009425 0.1723529 0.2910025
-0.5224546 0.1723526 -0.1585674
-0.4922857 0.1723526 -0.05122779
-0.002486213 1.31674 -0.2701966
-0.5224546 0.1723526 -0.1585674
-0.5224546 0.1723526 -0.1585674
-0.002486213 1.31674 -0.2701966
-0.5326413 0.1723526 -0.2701969
-0.5224546 0.1723526 -0.1585674
-0.5326413 0.1723526 -0.2701969
-0.5224544 0.1723526 -0.3818263
-0.5224544 0.1723526 -0.3818263
-0.4922855 0.1723526 -0.4891658
-0.4432938 0.1723526 -0.5880905
-0.4432938 0.1723526 -0.5880905
-0.3773621 0.1723527 -0.6747987
-0.297024 0.1723527 -0.7459583
-0.297024 0.1723527 -0.7459583
-0.2053671 0.1723527 -0.7988346
-0.1059135 0.1723528 -0.8313957
-0.1059135 0.1723528 -0.8313957
-0.002485187 0.1723529 -0.8423902
0.1009431 0.1723529 -0.8313956
0.1009431 0.1723529 -0.8313956
0.2003967 0.172353 -0.7988344
0.2920536 0.1723531 -0.745958
0.2920536 0.1723531 -0.745958
0.3723915 0.1723531 -0.6747984
0.4383231 0.1723532 -0.5880901
0.4383231 0.1723532 -0.5880901
0.4873147 0.1723532 -0.4891654
0.5174836 0.1723532 -0.3818258
0.5174836 0.1723532 -0.3818258
0.5276704 0.1723532 -0.2701963
0.5174835 0.1723532 -0.1585669
0.5174835 0.1723532 -0.1585669
0.4873145 0.1723532 -0.05122733
0.4383229 0.1723532 0.04769736
0.4383229 0.1723532 0.04769736
0.3723911 0.1723531 0.1344056
0.2920531 0.1723531 0.2055651
0.2920531 0.1723531 0.2055651
0.2003962 0.172353 0.2584414
0.1009425 0.1723529 0.2910025
0.1009425 0.1723529 0.2910025
-0.002485747 0.1723529 0.301997
-0.105914 0.1723528 0.2910024
-0.105914 0.1723528 0.2910024
-0.2053676 0.1723527 0.2584412
-0.2970245 0.1723527 0.2055648
-0.2970245 0.1723527 0.2055648
-0.3773624 0.1723527 0.1344052
-0.4432941 0.1723526 0.04769694
-0.4432941 0.1723526 0.04769694
-0.4922857 0.1723526 -0.05122779
-0.5224546 0.1723526 -0.1585674
-0.5224546 0.1723526 -0.1585674
-0.5224544 0.1723526 -0.3818263
-0.1059135 0.1723528 -0.8313957
-0.5224544 0.1723526 -0.3818263
-0.4432938 0.1723526 -0.5880905
-0.1059135 0.1723528 -0.8313957
-0.4432938 0.1723526 -0.5880905
-0.297024 0.1723527 -0.7459583
-0.1059135 0.1723528 -0.8313957
-0.1059135 0.1723528 -0.8313957
0.1009431 0.1723529 -0.8313956
0.5174836 0.1723532 -0.3818258
0.1009431 0.1723529 -0.8313956
0.2920536 0.1723531 -0.745958
0.5174836 0.1723532 -0.3818258
0.2920536 0.1723531 -0.745958
0.4383231 0.1723532 -0.5880901
0.5174836 0.1723532 -0.3818258
0.5174836 0.1723532 -0.3818258
0.5174835 0.1723532 -0.1585669
0.1009425 0.1723529 0.2910025
0.5174835 0.1723532 -0.1585669
0.4383229 0.1723532 0.04769736
0.1009425 0.1723529 0.2910025
0.4383229 0.1723532 0.04769736
0.2920531 0.1723531 0.2055651
0.1009425 0.1723529 0.2910025
0.1009425 0.1723529 0.2910025
-0.105914 0.1723528 0.2910024
-0.5224546 0.1723526 -0.1585674
-0.105914 0.1723528 0.2910024
-0.2970245 0.1723527 0.2055648
-0.5224546 0.1723526 -0.1585674
-0.2970245 0.1723527 0.2055648
-0.4432941 0.1723526 0.04769694
-0.5224546 0.1723526 -0.1585674
-0.5224546 0.1723526 -0.1585674
-0.1059135 0.1723528 -0.8313957
0.5174836 0.1723532 -0.3818258
-0.5538465 0.1814814 -0.2711656
-0.5432522 0.01860247 -0.3876511
-0.5538465 0.01860247 -0.2711656
-0.5432522 0.1814814 -0.3876511
-0.5118766 0.01860252 -0.4996603
-0.5432522 0.01860247 -0.3876511
-0.5118765 0.1814814 -0.4996603
-0.4609253 0.01860247 -0.6028883
-0.5118766 0.01860252 -0.4996603
-0.4609253 0.1814814 -0.6028883
-0.3923565 0.01860252 -0.6933686
-0.4609253 0.01860247 -0.6028883
-0.3923565 0.1814814 -0.6933686
-0.3088052 0.01860252 -0.7676237
-0.3923565 0.01860252 -0.6933686
-0.3088052 0.1814814 -0.7676237
-0.2134822 0.01860247 -0.8228002
-0.3088052 0.01860252 -0.7676237
-0.2134822 0.1814814 -0.8228002
-0.1100507 0.01860247 -0.8567777
-0.2134822 0.01860247 -0.8228002
-0.1100507 0.1814814 -0.8567777
-0.002485548 0.01860247 -0.8682505
-0.1100507 0.01860247 -0.8567777
-0.002485548 0.1814814 -0.8682505
0.1050796 0.01860252 -0.8567777
-0.002485548 0.01860247 -0.8682505
0.1050796 0.1814814 -0.8567777
0.208511 0.01860247 -0.8228
0.1050796 0.01860252 -0.8567777
0.208511 0.1814814 -0.8228
0.303834 0.01860247 -0.7676234
0.208511 0.01860247 -0.8228
0.303834 0.1814814 -0.7676234
0.3873852 0.01860242 -0.6933682
0.303834 0.01860247 -0.7676234
0.3873852 0.1814813 -0.6933682
0.4559539 0.01860247 -0.6028879
0.3873852 0.01860242 -0.6933682
0.455954 0.1814814 -0.6028879
0.506905 0.01860247 -0.4996597
0.4559539 0.01860247 -0.6028879
0.5069051 0.1814814 -0.4996597
0.5382805 0.01860252 -0.3876506
0.506905 0.01860247 -0.4996597
0.5382806 0.1814814 -0.3876506
0.5488748 0.01860252 -0.2711651
0.5382805 0.01860252 -0.3876506
0.5488748 0.1814814 -0.2711651
0.5382805 0.01860252 -0.1546795
0.5488748 0.01860252 -0.2711651
0.5382805 0.1814814 -0.1546795
0.5069048 0.01860247 -0.04267045
0.5382805 0.01860252 -0.1546795
0.5069049 0.1814814 -0.04267045
0.4559537 0.01860247 0.06055772
0.5069048 0.01860247 -0.04267045
0.4559537 0.1814814 0.06055772
0.3873848 0.01860242 0.1510379
0.4559537 0.01860247 0.06055772
0.3873848 0.1814813 0.1510379
0.3038335 0.01860247 0.225293
0.3873848 0.01860242 0.1510379
0.3038335 0.1814814 0.225293
0.2085105 0.01860247 0.2804696
0.3038335 0.01860247 0.225293
0.2085105 0.1814814 0.2804696
0.105079 0.01860252 0.3144471
0.2085105 0.01860247 0.2804696
0.105079 0.1814814 0.3144471
-0.002486131 0.01860247 0.3259199
0.105079 0.01860252 0.3144471
-0.002486131 0.1814814 0.3259199
-0.1100513 0.01860247 0.314447
-0.002486131 0.01860247 0.3259199
-0.1100513 0.1814814 0.314447
-0.2134827 0.01860247 0.2804694
-0.1100513 0.01860247 0.314447
-0.2134827 0.1814814 0.2804694
-0.3088056 0.01860252 0.2252927
-0.2134827 0.01860247 0.2804694
-0.3088056 0.1814814 0.2252927
-0.3923569 0.01860252 0.1510375
-0.3088056 0.01860252 0.2252927
-0.3923569 0.1814814 0.1510375
-0.4609256 0.01860247 0.06055725
-0.3923569 0.01860252 0.1510375
-0.4609256 0.1814814 0.06055725
-0.5118768 0.01860252 -0.04267097
-0.4609256 0.01860247 0.06055725
0.5069049 0.1814814 -0.04267045
0.208511 0.1814814 -0.8228
-0.5118765 0.1814814 -0.4996603
-0.5118767 0.1814814 -0.04267097
-0.5432523 0.01860247 -0.15468
-0.5118768 0.01860252 -0.04267097
-0.5432523 0.1814814 -0.15468
-0.5538465 0.01860247 -0.2711656
-0.5432523 0.01860247 -0.15468
0.5382805 0.01860252 -0.3876506
0.105079 0.01860252 0.3144471
-0.5432523 0.01860247 -0.15468
-0.5538465 0.1814814 -0.2711656
-0.5432522 0.1814814 -0.3876511
-0.5432522 0.01860247 -0.3876511
-0.5432522 0.1814814 -0.3876511
-0.5118765 0.1814814 -0.4996603
-0.5118766 0.01860252 -0.4996603
-0.5118765 0.1814814 -0.4996603
-0.4609253 0.1814814 -0.6028883
-0.4609253 0.01860247 -0.6028883
-0.4609253 0.1814814 -0.6028883
-0.3923565 0.1814814 -0.6933686
-0.3923565 0.01860252 -0.6933686
-0.3923565 0.1814814 -0.6933686
-0.3088052 0.1814814 -0.7676237
-0.3088052 0.01860252 -0.7676237
-0.3088052 0.1814814 -0.7676237
-0.2134822 0.1814814 -0.8228002
-0.2134822 0.01860247 -0.8228002
-0.2134822 0.1814814 -0.8228002
-0.1100507 0.1814814 -0.8567777
-0.1100507 0.01860247 -0.8567777
-0.1100507 0.1814814 -0.8567777
-0.002485548 0.1814814 -0.8682505
-0.002485548 0.01860247 -0.8682505
-0.002485548 0.1814814 -0.8682505
0.1050796 0.1814814 -0.8567777
0.1050796 0.01860252 -0.8567777
0.1050796 0.1814814 -0.8567777
0.208511 0.1814814 -0.8228
0.208511 0.01860247 -0.8228
0.208511 0.1814814 -0.8228
0.303834 0.1814814 -0.7676234
0.303834 0.01860247 -0.7676234
0.303834 0.1814814 -0.7676234
0.3873852 0.1814813 -0.6933682
0.3873852 0.01860242 -0.6933682
0.3873852 0.1814813 -0.6933682
0.455954 0.1814814 -0.6028879
0.4559539 0.01860247 -0.6028879
0.455954 0.1814814 -0.6028879
0.5069051 0.1814814 -0.4996597
0.506905 0.01860247 -0.4996597
0.5069051 0.1814814 -0.4996597
0.5382806 0.1814814 -0.3876506
0.5382805 0.01860252 -0.3876506
0.5382806 0.1814814 -0.3876506
0.5488748 0.1814814 -0.2711651
0.5488748 0.01860252 -0.2711651
0.5488748 0.1814814 -0.2711651
0.5382805 0.1814814 -0.1546795
0.5382805 0.01860252 -0.1546795
0.5382805 0.1814814 -0.1546795
0.5069049 0.1814814 -0.04267045
0.5069048 0.01860247 -0.04267045
0.5069049 0.1814814 -0.04267045
0.4559537 0.1814814 0.06055772
0.4559537 0.01860247 0.06055772
0.4559537 0.1814814 0.06055772
0.3873848 0.1814813 0.1510379
0.3873848 0.01860242 0.1510379
0.3873848 0.1814813 0.1510379
0.3038335 0.1814814 0.225293
0.3038335 0.01860247 0.225293
0.3038335 0.1814814 0.225293
0.2085105 0.1814814 0.2804696
0.2085105 0.01860247 0.2804696
0.2085105 0.1814814 0.2804696
0.105079 0.1814814 0.3144471
0.105079 0.01860252 0.3144471
0.105079 0.1814814 0.3144471
-0.002486131 0.1814814 0.3259199
-0.002486131 0.01860247 0.3259199
-0.002486131 0.1814814 0.3259199
-0.1100513 0.1814814 0.314447
-0.1100513 0.01860247 0.314447
-0.1100513 0.1814814 0.314447
-0.2134827 0.1814814 0.2804694
-0.2134827 0.01860247 0.2804694
-0.2134827 0.1814814 0.2804694
-0.3088056 0.1814814 0.2252927
-0.3088056 0.01860252 0.2252927
-0.3088056 0.1814814 0.2252927
-0.3923569 0.1814814 0.1510375
-0.3923569 0.01860252 0.1510375
-0.3923569 0.1814814 0.1510375
-0.4609256 0.1814814 0.06055725
-0.4609256 0.01860247 0.06055725
-0.4609256 0.1814814 0.06055725
-0.5118767 0.1814814 -0.04267097
-0.5118768 0.01860252 -0.04267097
-0.5118765 0.1814814 -0.4996603
-0.5432522 0.1814814 -0.3876511
-0.5538465 0.1814814 -0.2711656
-0.5538465 0.1814814 -0.2711656
-0.5432523 0.1814814 -0.15468
-0.5118765 0.1814814 -0.4996603
-0.5432523 0.1814814 -0.15468
-0.5118767 0.1814814 -0.04267097
-0.5118765 0.1814814 -0.4996603
-0.5118767 0.1814814 -0.04267097
-0.4609256 0.1814814 0.06055725
-0.3923569 0.1814814 0.1510375
-0.3923569 0.1814814 0.1510375
-0.3088056 0.1814814 0.2252927
-0.2134827 0.1814814 0.2804694
-0.2134827 0.1814814 0.2804694
-0.1100513 0.1814814 0.314447
-0.002486131 0.1814814 0.3259199
-0.002486131 0.1814814 0.3259199
0.105079 0.1814814 0.3144471
-0.2134827 0.1814814 0.2804694
0.105079 0.1814814 0.3144471
0.2085105 0.1814814 0.2804696
-0.2134827 0.1814814 0.2804694
0.2085105 0.1814814 0.2804696
0.3038335 0.1814814 0.225293
0.3873848 0.1814813 0.1510379
0.3873848 0.1814813 0.1510379
0.4559537 0.1814814 0.06055772
0.5069049 0.1814814 -0.04267045
0.5069049 0.1814814 -0.04267045
0.5382805 0.1814814 -0.1546795
0.5069051 0.1814814 -0.4996597
0.5382805 0.1814814 -0.1546795
0.5488748 0.1814814 -0.2711651
0.5069051 0.1814814 -0.4996597
0.5488748 0.1814814 -0.2711651
0.5382806 0.1814814 -0.3876506
0.5069051 0.1814814 -0.4996597
0.5069051 0.1814814 -0.4996597
0.455954 0.1814814 -0.6028879
0.3873852 0.1814813 -0.6933682
0.3873852 0.1814813 -0.6933682
0.303834 0.1814814 -0.7676234
0.208511 0.1814814 -0.8228
0.208511 0.1814814 -0.8228
0.1050796 0.1814814 -0.8567777
-0.2134822 0.1814814 -0.8228002
0.1050796 0.1814814 -0.8567777
-0.002485548 0.1814814 -0.8682505
-0.2134822 0.1814814 -0.8228002
-0.002485548 0.1814814 -0.8682505
-0.1100507 0.1814814 -0.8567777
-0.2134822 0.1814814 -0.8228002
-0.2134822 0.1814814 -0.8228002
-0.3088052 0.1814814 -0.7676237
-0.3923565 0.1814814 -0.6933686
-0.3923565 0.1814814 -0.6933686
-0.4609253 0.1814814 -0.6028883
-0.5118765 0.1814814 -0.4996603
-0.5118767 0.1814814 -0.04267097
-0.3923569 0.1814814 0.1510375
-0.5118765 0.1814814 -0.4996603
-0.3923569 0.1814814 0.1510375
-0.2134827 0.1814814 0.2804694
-0.5118765 0.1814814 -0.4996603
0.2085105 0.1814814 0.2804696
0.3873848 0.1814813 0.1510379
-0.2134827 0.1814814 0.2804694
0.3873848 0.1814813 0.1510379
0.5069049 0.1814814 -0.04267045
-0.2134827 0.1814814 0.2804694
0.5069051 0.1814814 -0.4996597
0.3873852 0.1814813 -0.6933682
0.5069049 0.1814814 -0.04267045
0.3873852 0.1814813 -0.6933682
0.208511 0.1814814 -0.8228
0.5069049 0.1814814 -0.04267045
-0.2134822 0.1814814 -0.8228002
-0.3923565 0.1814814 -0.6933686
0.208511 0.1814814 -0.8228
-0.3923565 0.1814814 -0.6933686
-0.5118765 0.1814814 -0.4996603
0.208511 0.1814814 -0.8228
-0.5118765 0.1814814 -0.4996603
-0.2134827 0.1814814 0.2804694
0.5069049 0.1814814 -0.04267045
-0.5118767 0.1814814 -0.04267097
-0.5432523 0.1814814 -0.15468
-0.5432523 0.01860247 -0.15468
-0.5432523 0.1814814 -0.15468
-0.5538465 0.1814814 -0.2711656
-0.5538465 0.01860247 -0.2711656
-0.5432523 0.01860247 -0.15468
-0.5538465 0.01860247 -0.2711656
-0.5432522 0.01860247 -0.3876511
-0.5432522 0.01860247 -0.3876511
-0.5118766 0.01860252 -0.4996603
-0.4609253 0.01860247 -0.6028883
-0.4609253 0.01860247 -0.6028883
-0.3923565 0.01860252 -0.6933686
-0.3088052 0.01860252 -0.7676237
-0.3088052 0.01860252 -0.7676237
-0.2134822 0.01860247 -0.8228002
-0.1100507 0.01860247 -0.8567777
-0.1100507 0.01860247 -0.8567777
-0.002485548 0.01860247 -0.8682505
0.1050796 0.01860252 -0.8567777
0.1050796 0.01860252 -0.8567777
0.208511 0.01860247 -0.8228
0.303834 0.01860247 -0.7676234
0.303834 0.01860247 -0.7676234
0.3873852 0.01860242 -0.6933682
0.4559539 0.01860247 -0.6028879
0.4559539 0.01860247 -0.6028879
0.506905 0.01860247 -0.4996597
0.5382805 0.01860252 -0.3876506
0.5382805 0.01860252 -0.3876506
0.5488748 0.01860252 -0.2711651
0.5382805 0.01860252 -0.1546795
0.5382805 0.01860252 -0.1546795
0.5069048 0.01860247 -0.04267045
0.4559537 0.01860247 0.06055772
0.4559537 0.01860247 0.06055772
0.3873848 0.01860242 0.1510379
0.3038335 0.01860247 0.225293
0.3038335 0.01860247 0.225293
0.2085105 0.01860247 0.2804696
0.105079 0.01860252 0.3144471
0.105079 0.01860252 0.3144471
-0.002486131 0.01860247 0.3259199
-0.1100513 0.01860247 0.314447
-0.1100513 0.01860247 0.314447
-0.2134827 0.01860247 0.2804694
-0.3088056 0.01860252 0.2252927
-0.3088056 0.01860252 0.2252927
-0.3923569 0.01860252 0.1510375
-0.4609256 0.01860247 0.06055725
-0.4609256 0.01860247 0.06055725
-0.5118768 0.01860252 -0.04267097
-0.5432523 0.01860247 -0.15468
-0.5432523 0.01860247 -0.15468
-0.5432522 0.01860247 -0.3876511
-0.1100507 0.01860247 -0.8567777
-0.5432522 0.01860247 -0.3876511
-0.4609253 0.01860247 -0.6028883
-0.1100507 0.01860247 -0.8567777
-0.4609253 0.01860247 -0.6028883
-0.3088052 0.01860252 -0.7676237
-0.1100507 0.01860247 -0.8567777
-0.1100507 0.01860247 -0.8567777
0.1050796 0.01860252 -0.8567777
0.5382805 0.01860252 -0.3876506
0.1050796 0.01860252 -0.8567777
0.303834 0.01860247 -0.7676234
0.5382805 0.01860252 -0.3876506
0.303834 0.01860247 -0.7676234
0.4559539 0.01860247 -0.6028879
0.5382805 0.01860252 -0.3876506
0.5382805 0.01860252 -0.3876506
0.5382805 0.01860252 -0.1546795
0.105079 0.01860252 0.3144471
0.5382805 0.01860252 -0.1546795
0.4559537 0.01860247 0.06055772
0.105079 0.01860252 0.3144471
0.4559537 0.01860247 0.06055772
0.3038335 0.01860247 0.225293
0.105079 0.01860252 0.3144471
0.105079 0.01860252 0.3144471
-0.1100513 0.01860247 0.314447
-0.5432523 0.01860247 -0.15468
-0.1100513 0.01860247 0.314447
-0.3088056 0.01860252 0.2252927
-0.5432523 0.01860247 -0.15468
-0.3088056 0.01860252 0.2252927
-0.4609256 0.01860247 0.06055725
-0.5432523 0.01860247 -0.15468
-0.5432523 0.01860247 -0.15468
-0.1100507 0.01860247 -0.8567777
0.5382805 0.01860252 -0.3876506
-0.4091286 1.445329 -0.2711655
-0.4013149 0.4175849 -0.3570766
-0.4091286 0.4175849 -0.2711655
-0.4013149 1.445329 -0.3570766
-0.3781746 0.4175849 -0.4396862
-0.4013149 0.4175849 -0.3570766
-0.3781746 1.445329 -0.4396862
-0.3405968 0.4175849 -0.5158196
-0.3781746 0.4175849 -0.4396862
-0.3405967 1.445329 -0.5158196
-0.2900255 0.4175849 -0.5825511
-0.3405968 0.4175849 -0.5158196
-0.2900255 1.445329 -0.5825511
-0.2284043 0.4175849 -0.6373162
-0.2900255 0.4175849 -0.5825511
-0.2284043 1.445329 -0.6373162
-0.1581011 0.4175849 -0.6780104
-0.2284043 0.4175849 -0.6373162
-0.1581011 1.445329 -0.6780104
-0.08181769 0.4175849 -0.7030697
-0.1581011 0.4175849 -0.6780104
-0.08181769 1.445329 -0.7030697
-0.002485624 0.4175849 -0.7115311
-0.08181769 0.4175849 -0.7030697
-0.002485624 1.445329 -0.7115311
0.07684643 0.4175849 -0.7030696
-0.002485624 0.4175849 -0.7115311
0.07684642 1.445329 -0.7030696
0.1531298 0.4175849 -0.6780102
0.07684643 0.4175849 -0.7030696
0.1531298 1.445329 -0.6780102
0.2234329 0.4175849 -0.637316
0.1531298 0.4175849 -0.6780102
0.2234329 1.445329 -0.637316
0.2850541 0.4175849 -0.5825508
0.2234329 0.4175849 -0.637316
0.2850541 1.445329 -0.5825508
0.3356253 0.4175849 -0.5158193
0.2850541 0.4175849 -0.5825508
0.3356253 1.445329 -0.5158193
0.3732031 0.4175849 -0.4396859
0.3356253 0.4175849 -0.5158193
0.3732031 1.445329 -0.4396859
0.3963434 0.4175849 -0.3570763
0.3732031 0.4175849 -0.4396859
0.3963434 1.445329 -0.3570763
0.4041569 0.4175849 -0.2711651
0.3963434 0.4175849 -0.3570763
0.4041569 1.445329 -0.2711651
0.3963433 0.4175849 -0.185254
0.4041569 0.4175849 -0.2711651
0.3963433 1.445329 -0.185254
0.3732029 0.4175849 -0.1026444
0.3963433 0.4175849 -0.185254
0.3732029 1.445329 -0.1026444
0.3356251 0.4175849 -0.02651103
0.3732029 0.4175849 -0.1026444
0.3356251 1.445329 -0.02651103
0.2850538 0.4175849 0.04022045
0.3356251 0.4175849 -0.02651103
0.2850538 1.445329 0.04022045
0.2234326 0.4175849 0.09498557
0.2850538 0.4175849 0.04022045
0.2234326 1.445329 0.09498557
0.1531294 0.4175849 0.1356797
0.2234326 0.4175849 0.09498557
0.1531294 1.445329 0.1356797
0.07684601 0.4175849 0.160739
0.1531294 0.4175849 0.1356797
0.076846 1.445329 0.160739
-0.002486055 0.4175849 0.1692005
0.07684601 0.4175849 0.160739
-0.002486055 1.445329 0.1692005
-0.08181811 0.4175849 0.1607389
-0.002486055 0.4175849 0.1692005
-0.08181811 1.445329 0.1607389
-0.1581015 0.4175849 0.1356795
-0.08181811 0.4175849 0.1607389
-0.1581015 1.445329 0.1356795
-0.2284046 0.4175849 0.09498534
-0.1581015 0.4175849 0.1356795
-0.2284046 1.445329 0.09498534
-0.2900258 0.4175849 0.04022017
-0.2284046 0.4175849 0.09498534
-0.2900258 1.445329 0.04022017
-0.340597 0.4175849 -0.02651135
-0.2900258 0.4175849 0.04022017
-0.340597 1.445329 -0.02651135
-0.3781748 0.4175849 -0.1026448
-0.340597 0.4175849 -0.02651135
0.3732029 1.445329 -0.1026444
0.1531298 1.445329 -0.6780102
-0.3781746 1.445329 -0.4396862
-0.3781748 1.445329 -0.1026448
-0.401315 0.4175849 -0.1852544
-0.3781748 0.4175849 -0.1026448
-0.401315 1.445329 -0.1852544
-0.4091286 0.4175849 -0.2711655
-0.401315 0.4175849 -0.1852544
0.3963434 0.4175849 -0.3570763
0.07684601 0.4175849 0.160739
-0.401315 0.4175849 -0.1852544
-0.4091286 1.445329 -0.2711655
-0.4013149 1.445329 -0.3570766
-0.4013149 0.4175849 -0.3570766
-0.4013149 1.445329 -0.3570766
-0.3781746 1.445329 -0.4396862
-0.3781746 0.4175849 -0.4396862
-0.3781746 1.445329 -0.4396862
-0.3405967 1.445329 -0.5158196
-0.3405968 0.4175849 -0.5158196
-0.3405967 1.445329 -0.5158196
-0.2900255 1.445329 -0.5825511
-0.2900255 0.4175849 -0.5825511
-0.2900255 1.445329 -0.5825511
-0.2284043 1.445329 -0.6373162
-0.2284043 0.4175849 -0.6373162
-0.2284043 1.445329 -0.6373162
-0.1581011 1.445329 -0.6780104
-0.1581011 0.4175849 -0.6780104
-0.1581011 1.445329 -0.6780104
-0.08181769 1.445329 -0.7030697
-0.08181769 0.4175849 -0.7030697
-0.08181769 1.445329 -0.7030697
-0.002485624 1.445329 -0.7115311
-0.002485624 0.4175849 -0.7115311
-0.002485624 1.445329 -0.7115311
0.07684642 1.445329 -0.7030696
0.07684643 0.4175849 -0.7030696
0.07684642 1.445329 -0.7030696
0.1531298 1.445329 -0.6780102
0.1531298 0.4175849 -0.6780102
0.1531298 1.445329 -0.6780102
0.2234329 1.445329 -0.637316
0.2234329 0.4175849 -0.637316
0.2234329 1.445329 -0.637316
0.2850541 1.445329 -0.5825508
0.2850541 0.4175849 -0.5825508
0.2850541 1.445329 -0.5825508
0.3356253 1.445329 -0.5158193
0.3356253 0.4175849 -0.5158193
0.3356253 1.445329 -0.5158193
0.3732031 1.445329 -0.4396859
0.3732031 0.4175849 -0.4396859
0.3732031 1.445329 -0.4396859
0.3963434 1.445329 -0.3570763
0.3963434 0.4175849 -0.3570763
0.3963434 1.445329 -0.3570763
0.4041569 1.445329 -0.2711651
0.4041569 0.4175849 -0.2711651
0.4041569 1.445329 -0.2711651
0.3963433 1.445329 -0.185254
0.3963433 0.4175849 -0.185254
0.3963433 1.445329 -0.185254
0.3732029 1.445329 -0.1026444
0.3732029 0.4175849 -0.1026444
0.3732029 1.445329 -0.1026444
0.3356251 1.445329 -0.02651103
0.3356251 0.4175849 -0.02651103
0.3356251 1.445329 -0.02651103
0.2850538 1.445329 0.04022045
0.2850538 0.4175849 0.04022045
0.2850538 1.445329 0.04022045
0.2234326 1.445329 0.09498557
0.2234326 0.4175849 0.09498557
0.2234326 1.445329 0.09498557
0.1531294 1.445329 0.1356797
0.1531294 0.4175849 0.1356797
0.1531294 1.445329 0.1356797
0.076846 1.445329 0.160739
0.07684601 0.4175849 0.160739
0.076846 1.445329 0.160739
-0.002486055 1.445329 0.1692005
-0.002486055 0.4175849 0.1692005
-0.002486055 1.445329 0.1692005
-0.08181811 1.445329 0.1607389
-0.08181811 0.4175849 0.1607389
-0.08181811 1.445329 0.1607389
-0.1581015 1.445329 0.1356795
-0.1581015 0.4175849 0.1356795
-0.1581015 1.445329 0.1356795
-0.2284046 1.445329 0.09498534
-0.2284046 0.4175849 0.09498534
-0.2284046 1.445329 0.09498534
-0.2900258 1.445329 0.04022017
-0.2900258 0.4175849 0.04022017
-0.2900258 1.445329 0.04022017
-0.340597 1.445329 -0.02651135
-0.340597 0.4175849 -0.02651135
-0.340597 1.445329 -0.02651135
-0.3781748 1.445329 -0.1026448
-0.3781748 0.4175849 -0.1026448
-0.3781746 1.445329 -0.4396862
-0.4013149 1.445329 -0.3570766
-0.4091286 1.445329 -0.2711655
-0.4091286 1.445329 -0.2711655
-0.401315 1.445329 -0.1852544
-0.3781746 1.445329 -0.4396862
-0.401315 1.445329 -0.1852544
-0.3781748 1.445329 -0.1026448
-0.3781746 1.445329 -0.4396862
-0.3781748 1.445329 -0.1026448
-0.340597 1.445329 -0.02651135
-0.2900258 1.445329 0.04022017
-0.2900258 1.445329 0.04022017
-0.2284046 1.445329 0.09498534
-0.1581015 1.445329 0.1356795
-0.1581015 1.445329 0.1356795
-0.08181811 1.445329 0.1607389
-0.002486055 1.445329 0.1692005
-0.002486055 1.445329 0.1692005
0.076846 1.445329 0.160739
-0.1581015 1.445329 0.1356795
0.076846 1.445329 0.160739
0.1531294 1.445329 0.1356797
-0.1581015 1.445329 0.1356795
0.1531294 1.445329 0.1356797
0.2234326 1.445329 0.09498557
0.2850538 1.445329 0.04022045
0.2850538 1.445329 0.04022045
0.3356251 1.445329 -0.02651103
0.3732029 1.445329 -0.1026444
0.3732029 1.445329 -0.1026444
0.3963433 1.445329 -0.185254
0.3732031 1.445329 -0.4396859
0.3963433 1.445329 -0.185254
0.4041569 1.445329 -0.2711651
0.3732031 1.445329 -0.4396859
0.4041569 1.445329 -0.2711651
0.3963434 1.445329 -0.3570763
0.3732031 1.445329 -0.4396859
0.3732031 1.445329 -0.4396859
0.3356253 1.445329 -0.5158193
0.2850541 1.445329 -0.5825508
0.2850541 1.445329 -0.5825508
0.2234329 1.445329 -0.637316
0.1531298 1.445329 -0.6780102
0.1531298 1.445329 -0.6780102
0.07684642 1.445329 -0.7030696
-0.1581011 1.445329 -0.6780104
0.07684642 1.445329 -0.7030696
-0.002485624 1.445329 -0.7115311
-0.1581011 1.445329 -0.6780104
-0.002485624 1.445329 -0.7115311
-0.08181769 1.445329 -0.7030697
-0.1581011 1.445329 -0.6780104
-0.1581011 1.445329 -0.6780104
-0.2284043 1.445329 -0.6373162
-0.2900255 1.445329 -0.5825511
-0.2900255 1.445329 -0.5825511
-0.3405967 1.445329 -0.5158196
-0.3781746 1.445329 -0.4396862
-0.3781748 1.445329 -0.1026448
-0.2900258 1.445329 0.04022017
-0.3781746 1.445329 -0.4396862
-0.2900258 1.445329 0.04022017
-0.1581015 1.445329 0.1356795
-0.3781746 1.445329 -0.4396862
0.1531294 1.445329 0.1356797
0.2850538 1.445329 0.04022045
-0.1581015 1.445329 0.1356795
0.2850538 1.445329 0.04022045
0.3732029 1.445329 -0.1026444
-0.1581015 1.445329 0.1356795
0.3732031 1.445329 -0.4396859
0.2850541 1.445329 -0.5825508
0.3732029 1.445329 -0.1026444
0.2850541 1.445329 -0.5825508
0.1531298 1.445329 -0.6780102
0.3732029 1.445329 -0.1026444
-0.1581011 1.445329 -0.6780104
-0.2900255 1.445329 -0.5825511
0.1531298 1.445329 -0.6780102
-0.2900255 1.445329 -0.5825511
-0.3781746 1.445329 -0.4396862
0.1531298 1.445329 -0.6780102
-0.3781746 1.445329 -0.4396862
-0.1581015 1.445329 0.1356795
0.3732029 1.445329 -0.1026444
-0.3781748 1.445329 -0.1026448
-0.401315 1.445329 -0.1852544
-0.401315 0.4175849 -0.1852544
-0.401315 1.445329 -0.1852544
-0.4091286 1.445329 -0.2711655
-0.4091286 0.4175849 -0.2711655
-0.401315 0.4175849 -0.1852544
-0.4091286 0.4175849 -0.2711655
-0.4013149 0.4175849 -0.3570766
-0.4013149 0.4175849 -0.3570766
-0.3781746 0.4175849 -0.4396862
-0.3405968 0.4175849 -0.5158196
-0.3405968 0.4175849 -0.5158196
-0.2900255 0.4175849 -0.5825511
-0.2284043 0.4175849 -0.6373162
-0.2284043 0.4175849 -0.6373162
-0.1581011 0.4175849 -0.6780104
-0.08181769 0.4175849 -0.7030697
-0.08181769 0.4175849 -0.7030697
-0.002485624 0.4175849 -0.7115311
0.07684643 0.4175849 -0.7030696
0.07684643 0.4175849 -0.7030696
0.1531298 0.4175849 -0.6780102
0.2234329 0.4175849 -0.637316
0.2234329 0.4175849 -0.637316
0.2850541 0.4175849 -0.5825508
0.3356253 0.4175849 -0.5158193
0.3356253 0.4175849 -0.5158193
0.3732031 0.4175849 -0.4396859
0.3963434 0.4175849 -0.3570763
0.3963434 0.4175849 -0.3570763
0.4041569 0.4175849 -0.2711651
0.3963433 0.4175849 -0.185254
0.3963433 0.4175849 -0.185254
0.3732029 0.4175849 -0.1026444
0.3356251 0.4175849 -0.02651103
0.3356251 0.4175849 -0.02651103
0.2850538 0.4175849 0.04022045
0.2234326 0.4175849 0.09498557
0.2234326 0.4175849 0.09498557
0.1531294 0.4175849 0.1356797
0.07684601 0.4175849 0.160739
0.07684601 0.4175849 0.160739
-0.002486055 0.4175849 0.1692005
-0.08181811 0.4175849 0.1607389
-0.08181811 0.4175849 0.1607389
-0.1581015 0.4175849 0.1356795
-0.2284046 0.4175849 0.09498534
-0.2284046 0.4175849 0.09498534
-0.2900258 0.4175849 0.04022017
-0.340597 0.4175849 -0.02651135
-0.340597 0.4175849 -0.02651135
-0.3781748 0.4175849 -0.1026448
-0.401315 0.4175849 -0.1852544
-0.401315 0.4175849 -0.1852544
-0.4013149 0.4175849 -0.3570766
-0.08181769 0.4175849 -0.7030697
-0.4013149 0.4175849 -0.3570766
-0.3405968 0.4175849 -0.5158196
-0.08181769 0.4175849 -0.7030697
-0.3405968 0.4175849 -0.5158196
-0.2284043 0.4175849 -0.6373162
-0.08181769 0.4175849 -0.7030697
-0.08181769 0.4175849 -0.7030697
0.07684643 0.4175849 -0.7030696
0.3963434 0.4175849 -0.3570763
0.07684643 0.4175849 -0.7030696
0.2234329 0.4175849 -0.637316
0.3963434 0.4175849 -0.3570763
0.2234329 0.4175849 -0.637316
0.3356253 0.4175849 -0.5158193
0.3963434 0.4175849 -0.3570763
0.3963434 0.4175849 -0.3570763
0.3963433 0.4175849 -0.185254
0.07684601 0.4175849 0.160739
0.3963433 0.4175849 -0.185254
0.3356251 0.4175849 -0.02651103
0.07684601 0.4175849 0.160739
0.3356251 0.4175849 -0.02651103
0.2234326 0.4175849 0.09498557
0.07684601 0.4175849 0.160739
0.07684601 0.4175849 0.160739
-0.08181811 0.4175849 0.1607389
-0.401315 0.4175849 -0.1852544
-0.08181811 0.4175849 0.1607389
-0.2284046 0.4175849 0.09498534
-0.401315 0.4175849 -0.1852544
-0.2284046 0.4175849 0.09498534
-0.340597 0.4175849 -0.02651135
-0.401315 0.4175849 -0.1852544
-0.401315 0.4175849 -0.1852544
-0.08181769 0.4175849 -0.7030697
0.3963434 0.4175849 -0.3570763
-0.3058397 1.782099 0.3666432
-0.3058395 1.785077 -0.9059139
-0.3058396 1.14731 -0.2712223
-0.3058396 2.419866 -0.2680485
0.2947062 1.785077 -0.9059138
-0.3058395 1.785077 -0.9059139
0.2947061 2.419866 -0.2680484
0.2947061 1.14731 -0.2712222
0.2947062 1.785077 -0.9059138
0.294706 1.782099 0.3666432
-0.3058396 1.14731 -0.2712223
0.2947061 1.14731 -0.2712222
0.2947062 1.785077 -0.9059138
-0.3058396 1.14731 -0.2712223
-0.3058395 1.785077 -0.9059139
-0.3058396 2.419866 -0.2680485
0.294706 1.782099 0.3666432
0.2947061 2.419866 -0.2680484
-0.3058397 1.782099 0.3666432
-0.3058396 2.419866 -0.2680485
-0.3058395 1.785077 -0.9059139
-0.3058396 2.419866 -0.2680485
0.2947061 2.419866 -0.2680484
0.2947062 1.785077 -0.9059138
0.2947061 2.419866 -0.2680484
0.294706 1.782099 0.3666432
0.2947061 1.14731 -0.2712222
0.294706 1.782099 0.3666432
-0.3058397 1.782099 0.3666432
-0.3058396 1.14731 -0.2712223
0.2947062 1.785077 -0.9059138
0.2947061 1.14731 -0.2712222
-0.3058396 1.14731 -0.2712223
-0.3058396 2.419866 -0.2680485
-0.3058397 1.782099 0.3666432
0.294706 1.782099 0.3666432
-0.4709678 1.693149 0.1114787
-0.002486594 1.398608 0.8611318
-0.461966 1.775538 0.1438496
-0.461966 1.775538 0.1438496
-0.002486594 1.398608 0.8611318
-0.4353067 1.854761 0.1749767
-0.4353067 1.854761 0.1749767
-0.002486594 1.398608 0.8611318
-0.3920143 1.927774 0.2036636
-0.3920143 1.927774 0.2036636
-0.002486594 1.398608 0.8611318
-0.3337525 1.99177 0.2288079
-0.3337525 1.99177 0.2288079
-0.002486594 1.398608 0.8611318
-0.2627603 2.04429 0.2494433
-0.2627603 2.04429 0.2494433
-0.002486594 1.398608 0.8611318
-0.1817659 2.083316 0.2647768
-0.1817659 2.083316 0.2647768
-0.002486594 1.398608 0.8611318
-0.0938818 2.107348 0.2742192
-0.0938818 2.107348 0.2742192
-0.002486594 1.398608 0.8611318
-0.002485399 2.115463 0.2774076
-0.002485399 2.115463 0.2774076
-0.002486594 1.398608 0.8611318
0.08891099 2.107348 0.2742195
0.08891099 2.107348 0.2742195
-0.002486594 1.398608 0.8611318
0.1767951 2.083316 0.2647774
0.1767951 2.083316 0.2647774
-0.002486594 1.398608 0.8611318
0.2577895 2.04429 0.2494441
0.2577895 2.04429 0.2494441
-0.002486594 1.398608 0.8611318
0.3287817 1.99177 0.2288089
0.3287817 1.99177 0.2288089
-0.002486594 1.398608 0.8611318
0.3870436 1.927774 0.2036648
0.3870436 1.927774 0.2036648
-0.002486594 1.398608 0.8611318
0.4303359 1.854761 0.174978
0.4303359 1.854761 0.174978
-0.002486594 1.398608 0.8611318
0.4569954 1.775538 0.1438511
0.4569954 1.775538 0.1438511
-0.002486594 1.398608 0.8611318
0.4659972 1.693148 0.1114801
0.4659972 1.693148 0.1114801
-0.002486594 1.398608 0.8611318
0.4569954 1.610759 0.07910908
0.4569954 1.610759 0.07910908
-0.002486594 1.398608 0.8611318
0.4303361 1.531536 0.047982
0.4303361 1.531536 0.047982
-0.002486594 1.398608 0.8611318
0.3870437 1.458523 0.01929514
0.3870437 1.458523 0.01929514
-0.002486594 1.398608 0.8611318
0.3287818 1.394527 -0.005849102
0.3287818 1.394527 -0.005849102
-0.002486594 1.398608 0.8611318
0.2577897 1.342007 -0.02648456
0.2577897 1.342007 -0.02648456
-0.002486594 1.398608 0.8611318
0.1767952 1.302981 -0.0418181
0.1767952 1.302981 -0.0418181
-0.002486594 1.398608 0.8611318
0.08891116 1.278949 -0.05126048
0.08891116 1.278949 -0.05126048
-0.002486594 1.398608 0.8611318
-0.002485237 1.270834 -0.05444891
-0.002485237 1.270834 -0.05444891
-0.002486594 1.398608 0.8611318
-0.09388163 1.278949 -0.05126078
-0.09388163 1.278949 -0.05126078
-0.002486594 1.398608 0.8611318
-0.1817657 1.302981 -0.04181862
-0.1817657 1.302981 -0.04181862
-0.002486594 1.398608 0.8611318
-0.2627602 1.342007 -0.02648535
-0.2627602 1.342007 -0.02648535
-0.002486594 1.398608 0.8611318
-0.3337524 1.394527 -0.005850149
-0.3337524 1.394527 -0.005850149
-0.002486594 1.398608 0.8611318
-0.3920142 1.458524 0.01929395
-0.3920142 1.458524 0.01929395
-0.002486594 1.398608 0.8611318
-0.4353066 1.531536 0.04798069
0.4569954 1.775538 0.1438511
0.08891116 1.278949 -0.05126048
-0.461966 1.610759 0.07910766
-0.4353066 1.531536 0.04798069
-0.002486594 1.398608 0.8611318
-0.461966 1.610759 0.07910766
-0.461966 1.610759 0.07910766
-0.002486594 1.398608 0.8611318
-0.4709678 1.693149 0.1114787
-0.461966 1.610759 0.07910766
-0.4709678 1.693149 0.1114787
-0.461966 1.775538 0.1438496
-0.461966 1.775538 0.1438496
-0.4353067 1.854761 0.1749767
-0.3920143 1.927774 0.2036636
-0.3920143 1.927774 0.2036636
-0.3337525 1.99177 0.2288079
-0.2627603 2.04429 0.2494433
-0.2627603 2.04429 0.2494433
-0.1817659 2.083316 0.2647768
-0.0938818 2.107348 0.2742192
-0.0938818 2.107348 0.2742192
-0.002485399 2.115463 0.2774076
0.08891099 2.107348 0.2742195
0.08891099 2.107348 0.2742195
0.1767951 2.083316 0.2647774
0.2577895 2.04429 0.2494441
0.2577895 2.04429 0.2494441
0.3287817 1.99177 0.2288089
0.3870436 1.927774 0.2036648
0.3870436 1.927774 0.2036648
0.4303359 1.854761 0.174978
0.4569954 1.775538 0.1438511
0.4569954 1.775538 0.1438511
0.4659972 1.693148 0.1114801
0.4569954 1.610759 0.07910908
0.4569954 1.610759 0.07910908
0.4303361 1.531536 0.047982
0.3870437 1.458523 0.01929514
0.3870437 1.458523 0.01929514
0.3287818 1.394527 -0.005849102
0.2577897 1.342007 -0.02648456
0.2577897 1.342007 -0.02648456
0.1767952 1.302981 -0.0418181
0.08891116 1.278949 -0.05126048
0.08891116 1.278949 -0.05126048
-0.002485237 1.270834 -0.05444891
-0.09388163 1.278949 -0.05126078
-0.09388163 1.278949 -0.05126078
-0.1817657 1.302981 -0.04181862
-0.2627602 1.342007 -0.02648535
-0.2627602 1.342007 -0.02648535
-0.3337524 1.394527 -0.005850149
-0.3920142 1.458524 0.01929395
-0.3920142 1.458524 0.01929395
-0.4353066 1.531536 0.04798069
-0.461966 1.610759 0.07910766
-0.461966 1.610759 0.07910766
-0.461966 1.775538 0.1438496
-0.0938818 2.107348 0.2742192
-0.461966 1.775538 0.1438496
-0.3920143 1.927774 0.2036636
-0.0938818 2.107348 0.2742192
-0.3920143 1.927774 0.2036636
-0.2627603 2.04429 0.2494433
-0.0938818 2.107348 0.2742192
-0.0938818 2.107348 0.2742192
0.08891099 2.107348 0.2742195
0.4569954 1.775538 0.1438511
0.08891099 2.107348 0.2742195
0.2577895 2.04429 0.2494441
0.4569954 1.775538 0.1438511
0.2577895 2.04429 0.2494441
0.3870436 1.927774 0.2036648
0.4569954 1.775538 0.1438511
0.4569954 1.775538 0.1438511
0.4569954 1.610759 0.07910908
0.08891116 1.278949 -0.05126048
0.4569954 1.610759 0.07910908
0.3870437 1.458523 0.01929514
0.08891116 1.278949 -0.05126048
0.3870437 1.458523 0.01929514
0.2577897 1.342007 -0.02648456
0.08891116 1.278949 -0.05126048
0.08891116 1.278949 -0.05126048
-0.09388163 1.278949 -0.05126078
-0.461966 1.610759 0.07910766
-0.09388163 1.278949 -0.05126078
-0.2627602 1.342007 -0.02648535
-0.461966 1.610759 0.07910766
-0.2627602 1.342007 -0.02648535
-0.3920142 1.458524 0.01929395
-0.461966 1.610759 0.07910766
-0.461966 1.610759 0.07910766
-0.0938818 2.107348 0.2742192
0.4569954 1.775538 0.1438511
-0.2434922 1.374004 0.9207146
-0.00608359 1.652255 0.2683037
-0.2393707 1.330331 0.9018252
-0.2393707 1.330331 0.9018252
-0.00608359 1.652255 0.2683037
-0.2260075 1.288268 0.8835284
-0.2260075 1.288268 0.8835284
-0.00608359 1.652255 0.2683037
-0.2039163 1.249434 0.8665276
-0.2039163 1.249434 0.8665276
-0.00608359 1.652255 0.2683037
-0.173946 1.215319 0.8514759
-0.173946 1.215319 0.8514759
-0.00608359 1.652255 0.2683037
-0.1372484 1.187235 0.8389519
-0.1372484 1.187235 0.8389519
-0.00608359 1.652255 0.2683037
-0.09523358 1.166262 0.8294367
-0.09523358 1.166262 0.8294367
-0.00608359 1.652255 0.2683037
-0.04951632 1.153205 0.8232961
-0.04951632 1.153205 0.8232961
-0.00608359 1.652255 0.2683037
-0.001853451 1.148566 0.820766
-0.001853451 1.148566 0.820766
-0.00608359 1.652255 0.2683037
0.04592336 1.152523 0.8219437
0.04592336 1.152523 0.8219437
-0.00608359 1.652255 0.2683037
0.09197808 1.164925 0.8267838
0.09197808 1.164925 0.8267838
-0.00608359 1.652255 0.2683037
0.1345409 1.185294 0.8351008
0.1345409 1.185294 0.8351008
-0.00608359 1.652255 0.2683037
0.171976 1.212848 0.8465744
0.171976 1.212848 0.8465744
-0.00608359 1.652255 0.2683037
0.2028449 1.246528 0.8607639
0.2028449 1.246528 0.8607639
-0.00608359 1.652255 0.2683037
0.2259613 1.28504 0.8771242
0.2259613 1.28504 0.8771242
-0.00608359 1.652255 0.2683037
0.240437 1.326903 0.8950263
0.240437 1.326903 0.8950263
-0.00608359 1.652255 0.2683037
0.2457154 1.370509 0.9137825
0.2457154 1.370509 0.9137825
-0.00608359 1.652255 0.2683037
0.2415938 1.414183 0.9326721
0.2415938 1.414183 0.9326721
-0.00608359 1.652255 0.2683037
0.2282307 1.456245 0.9509687
0.2282307 1.456245 0.9509687
-0.00608359 1.652255 0.2683037
0.2061395 1.49508 0.9679697
0.2061395 1.49508 0.9679697
-0.00608359 1.652255 0.2683037
0.1761692 1.529194 0.9830213
0.1761692 1.529194 0.9830213
-0.00608359 1.652255 0.2683037
0.1394715 1.557278 0.9955454
0.1394715 1.557278 0.9955454
-0.00608359 1.652255 0.2683037
0.09745675 1.578251 1.00506
0.09745675 1.578251 1.00506
-0.00608359 1.652255 0.2683037
0.05173948 1.591308 1.011201
0.05173948 1.591308 1.011201
-0.00608359 1.652255 0.2683037
0.004076621 1.595948 1.013731
0.004076621 1.595948 1.013731
-0.00608359 1.652255 0.2683037
-0.04370019 1.59199 1.012553
-0.04370019 1.59199 1.012553
-0.00608359 1.652255 0.2683037
-0.0897549 1.579589 1.007713
-0.0897549 1.579589 1.007713
-0.00608359 1.652255 0.2683037
-0.1323177 1.55922 0.9993963
-0.1323177 1.55922 0.9993963
-0.00608359 1.652255 0.2683037
-0.1697528 1.531666 0.9879227
-0.1697528 1.531666 0.9879227
-0.00608359 1.652255 0.2683037
-0.2006218 1.497985 0.9737332
-0.2006218 1.497985 0.9737332
-0.00608359 1.652255 0.2683037
-0.2237382 1.459474 0.957373
0.240437 1.326903 0.8950263
0.05173948 1.591308 1.011201
-0.2382138 1.41761 0.9394707
-0.2237382 1.459474 0.957373
-0.00608359 1.652255 0.2683037
-0.2382138 1.41761 0.9394707
-0.2382138 1.41761 0.9394707
-0.00608359 1.652255 0.2683037
-0.2434922 1.374004 0.9207146
-0.2382138 1.41761 0.9394707
-0.2434922 1.374004 0.9207146
-0.2393707 1.330331 0.9018252
-0.2393707 1.330331 0.9018252
-0.2260075 1.288268 0.8835284
-0.2039163 1.249434 0.8665276
-0.2039163 1.249434 0.8665276
-0.173946 1.215319 0.8514759
-0.1372484 1.187235 0.8389519
-0.1372484 1.187235 0.8389519
-0.09523358 1.166262 0.8294367
-0.04951632 1.153205 0.8232961
-0.04951632 1.153205 0.8232961
-0.001853451 1.148566 0.820766
0.04592336 1.152523 0.8219437
0.04592336 1.152523 0.8219437
0.09197808 1.164925 0.8267838
0.1345409 1.185294 0.8351008
0.1345409 1.185294 0.8351008
0.171976 1.212848 0.8465744
0.2028449 1.246528 0.8607639
0.2028449 1.246528 0.8607639
0.2259613 1.28504 0.8771242
0.240437 1.326903 0.8950263
0.240437 1.326903 0.8950263
0.2457154 1.370509 0.9137825
0.2415938 1.414183 0.9326721
0.2415938 1.414183 0.9326721
0.2282307 1.456245 0.9509687
0.2061395 1.49508 0.9679697
0.2061395 1.49508 0.9679697
0.1761692 1.529194 0.9830213
0.1394715 1.557278 0.9955454
0.1394715 1.557278 0.9955454
0.09745675 1.578251 1.00506
0.05173948 1.591308 1.011201
0.05173948 1.591308 1.011201
0.004076621 1.595948 1.013731
-0.04370019 1.59199 1.012553
-0.04370019 1.59199 1.012553
-0.0897549 1.579589 1.007713
-0.1323177 1.55922 0.9993963
-0.1323177 1.55922 0.9993963
-0.1697528 1.531666 0.9879227
-0.2006218 1.497985 0.9737332
-0.2006218 1.497985 0.9737332
-0.2237382 1.459474 0.957373
-0.2382138 1.41761 0.9394707
-0.2382138 1.41761 0.9394707
-0.2393707 1.330331 0.9018252
-0.04951632 1.153205 0.8232961
-0.2393707 1.330331 0.9018252
-0.2039163 1.249434 0.8665276
-0.04951632 1.153205 0.8232961
-0.2039163 1.249434 0.8665276
-0.1372484 1.187235 0.8389519
-0.04951632 1.153205 0.8232961
-0.04951632 1.153205 0.8232961
0.04592336 1.152523 0.8219437
0.240437 1.326903 0.8950263
0.04592336 1.152523 0.8219437
0.1345409 1.185294 0.8351008
0.240437 1.326903 0.8950263
0.1345409 1.185294 0.8351008
0.2028449 1.246528 0.8607639
0.240437 1.326903 0.8950263
0.240437 1.326903 0.8950263
0.2415938 1.414183 0.9326721
0.05173948 1.591308 1.011201
0.2415938 1.414183 0.9326721
0.2061395 1.49508 0.9679697
0.05173948 1.591308 1.011201
0.2061395 1.49508 0.9679697
0.1394715 1.557278 0.9955454
0.05173948 1.591308 1.011201
0.05173948 1.591308 1.011201
-0.04370019 1.59199 1.012553
-0.2382138 1.41761 0.9394707
-0.04370019 1.59199 1.012553
-0.1323177 1.55922 0.9993963
-0.2382138 1.41761 0.9394707
-0.1323177 1.55922 0.9993963
-0.2006218 1.497985 0.9737332
-0.2382138 1.41761 0.9394707
-0.2382138 1.41761 0.9394707
-0.04951632 1.153205 0.8232961
0.240437 1.326903 0.8950263