0.5588143 1.677527 -0.009014202
-0.0007977448 0.4695545 -0.009014177
0.5480615 1.677527 -0.1268461
0.5480615 1.677527 -0.1268461
-0.0007977448 0.4695545 -0.009014177
0.5162163 1.677527 -0.2401498
0.5162163 1.677527 -0.2401498
-0.0007977448 0.4695545 -0.009014177
0.4645026 1.677527 -0.344571
0.4645026 1.677527 -0.344571
-0.0007977448 0.4695545 -0.009014177
0.3949075 1.677527 -0.436097
0.3949075 1.677527 -0.436097
-0.0007977448 0.4695545 -0.009014177
0.3101057 1.677527 -0.5112104
0.3101057 1.677527 -0.5112104
-0.0007977448 0.4695545 -0.009014177
0.2133561 1.677527 -0.5670248
0.2133561 1.677527 -0.5670248
-0.0007977448 0.4695545 -0.009014177
0.1083766 1.677527 -0.601395
0.1083766 1.677527 -0.601395
-0.0007977448 0.4695545 -0.009014177
-0.0007984528 1.677527 -0.6130005
-0.0007984528 1.677527 -0.6130005
-0.0007977448 0.4695545 -0.009014177
-0.1099735 1.677527 -0.601395
-0.1099735 1.677527 -0.601395
-0.0007977448 0.4695545 -0.009014177
-0.214953 1.677527 -0.5670248
-0.214953 1.677527 -0.5670248
-0.0007977448 0.4695545 -0.009014177
-0.3117027 1.677527 -0.5112104
-0.3117027 1.677527 -0.5112104
-0.0007977448 0.4695545 -0.009014177
-0.3965044 1.677527 -0.436097
-0.3965044 1.677527 -0.436097
-0.0007977448 0.4695545 -0.009014177
-0.4660994 1.677527 -0.344571
-0.4660994 1.677527 -0.344571
-0.0007977448 0.4695545 -0.009014177
-0.5178132 1.677527 -0.2401497
-0.5178132 1.677527 -0.2401497
-0.0007977448 0.4695545 -0.009014177
-0.5496584 1.677527 -0.126846
-0.5496584 1.677527 -0.126846
-0.0007977448 0.4695545 -0.009014177
-0.5604112 1.677527 -0.009014153
-0.5604112 1.677527 -0.009014153
-0.0007977448 0.4695545 -0.009014177
-0.5496584 1.677527 0.1088177
-0.5496584 1.677527 0.1088177
-0.0007977448 0.4695545 -0.009014177
-0.5178132 1.677527 0.2221214
-0.5178132 1.677527 0.2221214
-0.0007977448 0.4695545 -0.009014177
-0.4660994 1.677527 0.3265426
-0.4660994 1.677527 0.3265426
-0.0007977448 0.4695545 -0.009014177
-0.3965044 1.677527 0.4180686
-0.3965044 1.677527 0.4180686
-0.0007977448 0.4695545 -0.009014177
-0.3117026 1.677527 0.4931821
-0.3117026 1.677527 0.4931821
-0.0007977448 0.4695545 -0.009014177
-0.214953 1.677527 0.5489964
-0.214953 1.677527 0.5489964
-0.0007977448 0.4695545 -0.009014177
-0.1099734 1.677527 0.5833667
-0.1099734 1.677527 0.5833667
-0.0007977448 0.4695545 -0.009014177
-0.0007984 1.677527 0.5949721
-0.0007984 1.677527 0.5949721
-0.0007977448 0.4695545 -0.009014177
0.1083766 1.677527 0.5833667
0.1083766 1.677527 0.5833667
-0.0007977448 0.4695545 -0.009014177
0.2133561 1.677527 0.5489964
0.2133561 1.677527 0.5489964
-0.0007977448 0.4695545 -0.009014177
0.3101058 1.677527 0.4931821
0.3101058 1.677527 0.4931821
-0.0007977448 0.4695545 -0.009014177
0.3949075 1.677527 0.4180686
0.3949075 1.677527 0.4180686
-0.0007977448 0.4695545 -0.009014177
0.4645026 1.677527 0.3265426
0.4645026 1.677527 0.3265426
-0.0007977448 0.4695545 -0.009014177
0.5162163 1.677527 0.2221214
-0.5496584 1.677527 -0.126846
-0.1099734 1.677527 0.5833667
0.5480615 1.677527 0.1088177
0.5162163 1.677527 0.2221214
-0.0007977448 0.4695545 -0.009014177
0.5480615 1.677527 0.1088177
0.5480615 1.677527 0.1088177
-0.0007977448 0.4695545 -0.009014177
0.5588143 1.677527 -0.009014202
0.5480615 1.677527 0.1088177
0.5588143 1.677527 -0.009014202
0.5480615 1.677527 -0.1268461
0.5480615 1.677527 -0.1268461
0.5162163 1.677527 -0.2401498
0.4645026 1.677527 -0.344571
0.4645026 1.677527 -0.344571
0.3949075 1.677527 -0.436097
0.3101057 1.677527 -0.5112104
0.3101057 1.677527 -0.5112104
0.2133561 1.677527 -0.5670248
0.1083766 1.677527 -0.601395
0.1083766 1.677527 -0.601395
-0.0007984528 1.677527 -0.6130005
-0.1099735 1.677527 -0.601395
-0.1099735 1.677527 -0.601395
-0.214953 1.677527 -0.5670248
-0.3117027 1.677527 -0.5112104
-0.3117027 1.677527 -0.5112104
-0.3965044 1.677527 -0.436097
-0.4660994 1.677527 -0.344571
-0.4660994 1.677527 -0.344571
-0.5178132 1.677527 -0.2401497
-0.5496584 1.677527 -0.126846
-0.5496584 1.677527 -0.126846
-0.5604112 1.677527 -0.009014153
-0.5496584 1.677527 0.1088177
-0.5496584 1.677527 0.1088177
-0.5178132 1.677527 0.2221214
-0.4660994 1.677527 0.3265426
-0.4660994 1.677527 0.3265426
-0.3965044 1.677527 0.4180686
-0.3117026 1.677527 0.4931821
-0.3117026 1.677527 0.4931821
-0.214953 1.677527 0.5489964
-0.1099734 1.677527 0.5833667
-0.1099734 1.677527 0.5833667
-0.0007984 1.677527 0.5949721
0.1083766 1.677527 0.5833667
0.1083766 1.677527 0.5833667
0.2133561 1.677527 0.5489964
0.3101058 1.677527 0.4931821
0.3101058 1.677527 0.4931821
0.3949075 1.677527 0.4180686
0.4645026 1.677527 0.3265426
0.4645026 1.677527 0.3265426
0.5162163 1.677527 0.2221214
0.5480615 1.677527 0.1088177
0.5480615 1.677527 0.1088177
0.5480615 1.677527 -0.1268461
0.1083766 1.677527 -0.601395
0.5480615 1.677527 -0.1268461
0.4645026 1.677527 -0.344571
0.1083766 1.677527 -0.601395
0.4645026 1.677527 -0.344571
0.3101057 1.677527 -0.5112104
0.1083766 1.677527 -0.601395
0.1083766 1.677527 -0.601395
-0.1099735 1.677527 -0.601395
-0.5496584 1.677527 -0.126846
-0.1099735 1.677527 -0.601395
-0.3117027 1.677527 -0.5112104
-0.5496584 1.677527 -0.126846
-0.3117027 1.677527 -0.5112104
-0.4660994 1.677527 -0.344571
-0.5496584 1.677527 -0.126846
-0.5496584 1.677527 -0.126846
-0.5496584 1.677527 0.1088177
-0.1099734 1.677527 0.5833667
-0.5496584 1.677527 0.1088177
-0.4660994 1.677527 0.3265426
-0.1099734 1.677527 0.5833667
-0.4660994 1.677527 0.3265426
-0.3117026 1.677527 0.4931821
-0.1099734 1.677527 0.5833667
-0.1099734 1.677527 0.5833667
0.1083766 1.677527 0.5833667
0.5480615 1.677527 0.1088177
0.1083766 1.677527 0.5833667
0.3101058 1.677527 0.4931821
0.5480615 1.677527 0.1088177
0.3101058 1.677527 0.4931821
0.4645026 1.677527 0.3265426
0.5480615 1.677527 0.1088177
0.5480615 1.677527 0.1088177
0.1083766 1.677527 -0.601395
-0.5496584 1.677527 -0.126846
-0.5521588 0.1758777 -0.009982929
-0.5415645 0.01299875 -0.1264685
-0.5521588 0.01299875 -0.009982929
-0.5415645 0.1758777 -0.1264685
-0.5101889 0.01299875 -0.2384776
-0.5415645 0.01299875 -0.1264685
-0.5101889 0.1758777 -0.2384776
-0.4592377 0.01299866 -0.3417057
-0.5101889 0.01299875 -0.2384776
-0.4592377 0.1758777 -0.3417057
-0.390669 0.01299875 -0.432186
-0.4592377 0.01299866 -0.3417057
-0.390669 0.1758777 -0.432186
-0.3071177 0.01299875 -0.5064412
-0.390669 0.01299875 -0.432186
-0.3071177 0.1758777 -0.5064412
-0.2117947 0.01299875 -0.5616178
-0.3071177 0.01299875 -0.5064412
-0.2117947 0.1758777 -0.5616178
-0.1083632 0.01299866 -0.5955953
-0.2117947 0.01299875 -0.5616178
-0.1083632 0.1758776 -0.5955953
-0.0007981117 0.01299875 -0.6070682
-0.1083632 0.01299866 -0.5955953
-0.0007981117 0.1758777 -0.6070682
0.106767 0.01299875 -0.5955953
-0.0007981117 0.01299875 -0.6070682
0.106767 0.1758777 -0.5955953
0.2101985 0.01299875 -0.5616178
0.106767 0.01299875 -0.5955953
0.2101985 0.1758777 -0.5616178
0.3055214 0.01299875 -0.5064412
0.2101985 0.01299875 -0.5616178
0.3055214 0.1758777 -0.5064412
0.3890727 0.01299875 -0.432186
0.3055214 0.01299875 -0.5064412
0.3890727 0.1758776 -0.432186
0.4576415 0.01299875 -0.3417058
0.3890727 0.01299875 -0.432186
0.4576415 0.1758777 -0.3417058
0.5085927 0.01299875 -0.2384776
0.4576415 0.01299875 -0.3417058
0.5085927 0.1758777 -0.2384776
0.5399683 0.01299866 -0.1264685
0.5085927 0.01299875 -0.2384776
0.5399683 0.1758777 -0.1264685
0.5505626 0.01299866 -0.009982976
0.5399683 0.01299866 -0.1264685
0.5505626 0.1758777 -0.009982976
0.5399683 0.01299866 0.1065026
0.5505626 0.01299866 -0.009982976
0.5399683 0.1758777 0.1065026
0.5085927 0.01299875 0.2185117
0.5399683 0.01299866 0.1065026
0.5085927 0.1758777 0.2185117
0.4576415 0.01299875 0.3217399
0.5085927 0.01299875 0.2185117
0.4576415 0.1758777 0.3217399
0.3890728 0.01299875 0.4122201
0.4576415 0.01299875 0.3217399
0.3890727 0.1758776 0.4122201
0.3055215 0.01299875 0.4864753
0.3890728 0.01299875 0.4122201
0.3055215 0.1758777 0.4864753
0.2101985 0.01299875 0.5416518
0.3055215 0.01299875 0.4864753
0.2101986 0.1758777 0.5416518
0.1067671 0.01299875 0.5756294
0.2101985 0.01299875 0.5416518
0.1067671 0.1758777 0.5756294
-0.0007980595 0.01299875 0.5871023
0.1067671 0.01299875 0.5756294
-0.0007980595 0.1758777 0.5871023
-0.1083632 0.01299866 0.5756294
-0.0007980595 0.01299875 0.5871023
-0.1083632 0.1758776 0.5756294
-0.2117947 0.01299875 0.5416518
-0.1083632 0.01299866 0.5756294
-0.2117947 0.1758777 0.5416518
-0.3071176 0.01299875 0.4864753
-0.2117947 0.01299875 0.5416518
-0.3071177 0.1758777 0.4864753
-0.3906689 0.01299875 0.4122201
-0.3071176 0.01299875 0.4864753
-0.3906689 0.1758777 0.4122201
-0.4592377 0.01299866 0.3217399
-0.3906689 0.01299875 0.4122201
-0.4592377 0.1758777 0.3217399
-0.5101889 0.01299875 0.2185117
-0.4592377 0.01299866 0.3217399
0.5085927 0.1758777 0.2185117
0.2101985 0.1758777 -0.5616178
-0.5101889 0.1758777 -0.2384776
-0.5101889 0.1758777 0.2185117
-0.5415645 0.01299875 0.1065026
-0.5101889 0.01299875 0.2185117
-0.5415645 0.1758777 0.1065026
-0.5521588 0.01299875 -0.009982929
-0.5415645 0.01299875 0.1065026
0.5399683 0.01299866 -0.1264685
0.1067671 0.01299875 0.5756294
-0.5415645 0.01299875 0.1065026
-0.5521588 0.1758777 -0.009982929
-0.5415645 0.1758777 -0.1264685
-0.5415645 0.01299875 -0.1264685
-0.5415645 0.1758777 -0.1264685
-0.5101889 0.1758777 -0.2384776
-0.5101889 0.01299875 -0.2384776
-0.5101889 0.1758777 -0.2384776
-0.4592377 0.1758777 -0.3417057
-0.4592377 0.01299866 -0.3417057
-0.4592377 0.1758777 -0.3417057
-0.390669 0.1758777 -0.432186
-0.390669 0.01299875 -0.432186
-0.390669 0.1758777 -0.432186
-0.3071177 0.1758777 -0.5064412
-0.3071177 0.01299875 -0.5064412
-0.3071177 0.1758777 -0.5064412
-0.2117947 0.1758777 -0.5616178
-0.2117947 0.01299875 -0.5616178
-0.2117947 0.1758777 -0.5616178
-0.1083632 0.1758776 -0.5955953
-0.1083632 0.01299866 -0.5955953
-0.1083632 0.1758776 -0.5955953
-0.0007981117 0.1758777 -0.6070682
-0.0007981117 0.01299875 -0.6070682
-0.0007981117 0.1758777 -0.6070682
0.106767 0.1758777 -0.5955953
0.106767 0.01299875 -0.5955953
0.106767 0.1758777 -0.5955953
0.2101985 0.1758777 -0.5616178
0.2101985 0.01299875 -0.5616178
0.2101985 0.1758777 -0.5616178
0.3055214 0.1758777 -0.5064412
0.3055214 0.01299875 -0.5064412
0.3055214 0.1758777 -0.5064412
0.3890727 0.1758776 -0.432186
0.3890727 0.01299875 -0.432186
0.3890727 0.1758776 -0.432186
0.4576415 0.1758777 -0.3417058
0.4576415 0.01299875 -0.3417058
0.4576415 0.1758777 -0.3417058
0.5085927 0.1758777 -0.2384776
0.5085927 0.01299875 -0.2384776
0.5085927 0.1758777 -0.2384776
0.5399683 0.1758777 -0.1264685
0.5399683 0.01299866 -0.1264685
0.5399683 0.1758777 -0.1264685
0.5505626 0.1758777 -0.009982976
0.5505626 0.01299866 -0.009982976
0.5505626 0.1758777 -0.009982976
0.5399683 0.1758777 0.1065026
0.5399683 0.01299866 0.1065026
0.5399683 0.1758777 0.1065026
0.5085927 0.1758777 0.2185117
0.5085927 0.01299875 0.2185117
0.5085927 0.1758777 0.2185117
0.4576415 0.1758777 0.3217399
0.4576415 0.01299875 0.3217399
0.4576415 0.1758777 0.3217399
0.3890727 0.1758776 0.4122201
0.3890728 0.01299875 0.4122201
0.3890727 0.1758776 0.4122201
0.3055215 0.1758777 0.4864753
0.3055215 0.01299875 0.4864753
0.3055215 0.1758777 0.4864753
0.2101986 0.1758777 0.5416518
0.2101985 0.01299875 0.5416518
0.2101986 0.1758777 0.5416518
0.1067671 0.1758777 0.5756294
0.1067671 0.01299875 0.5756294
0.1067671 0.1758777 0.5756294
-0.0007980595 0.1758777 0.5871023
-0.0007980595 0.01299875 0.5871023
-0.0007980595 0.1758777 0.5871023
-0.1083632 0.1758776 0.5756294
-0.1083632 0.01299866 0.5756294
-0.1083632 0.1758776 0.5756294
-0.2117947 0.1758777 0.5416518
-0.2117947 0.01299875 0.5416518
-0.2117947 0.1758777 0.5416518
-0.3071177 0.1758777 0.4864753
-0.3071176 0.01299875 0.4864753
-0.3071177 0.1758777 0.4864753
-0.3906689 0.1758777 0.4122201
-0.3906689 0.01299875 0.4122201
-0.3906689 0.1758777 0.4122201
-0.4592377 0.1758777 0.3217399
-0.4592377 0.01299866 0.3217399
-0.4592377 0.1758777 0.3217399
-0.5101889 0.1758777 0.2185117
-0.5101889 0.01299875 0.2185117
-0.5101889 0.1758777 -0.2384776
-0.5415645 0.1758777 -0.1264685
-0.5521588 0.1758777 -0.009982929
-0.5521588 0.1758777 -0.009982929
-0.5415645 0.1758777 0.1065026
-0.5101889 0.1758777 -0.2384776
-0.5415645 0.1758777 0.1065026
-0.5101889 0.1758777 0.2185117
-0.5101889 0.1758777 -0.2384776
-0.5101889 0.1758777 0.2185117
-0.4592377 0.1758777 0.3217399
-0.3906689 0.1758777 0.4122201
-0.3906689 0.1758777 0.4122201
-0.3071177 0.1758777 0.4864753
-0.2117947 0.1758777 0.5416518
-0.2117947 0.1758777 0.5416518
-0.1083632 0.1758776 0.5756294
-0.0007980595 0.1758777 0.5871023
-0.0007980595 0.1758777 0.5871023
0.1067671 0.1758777 0.5756294
-0.2117947 0.1758777 0.5416518
0.1067671 0.1758777 0.5756294
0.2101986 0.1758777 0.5416518
-0.2117947 0.1758777 0.5416518
0.2101986 0.1758777 0.5416518
0.3055215 0.1758777 0.4864753
0.3890727 0.1758776 0.4122201
0.3890727 0.1758776 0.4122201
0.4576415 0.1758777 0.3217399
0.5085927 0.1758777 0.2185117
0.5085927 0.1758777 0.2185117
0.5399683 0.1758777 0.1065026
0.5085927 0.1758777 -0.2384776
0.5399683 0.1758777 0.1065026
0.5505626 0.1758777 -0.009982976
0.5085927 0.1758777 -0.2384776
0.5505626 0.1758777 -0.009982976
0.5399683 0.1758777 -0.1264685
0.5085927 0.1758777 -0.2384776
0.5085927 0.1758777 -0.2384776
0.4576415 0.1758777 -0.3417058
0.3890727 0.1758776 -0.432186
0.3890727 0.1758776 -0.432186
0.3055214 0.1758777 -0.5064412
0.2101985 0.1758777 -0.5616178
0.2101985 0.1758777 -0.5616178
0.106767 0.1758777 -0.5955953
-0.2117947 0.1758777 -0.5616178
0.106767 0.1758777 -0.5955953
-0.0007981117 0.1758777 -0.6070682
-0.2117947 0.1758777 -0.5616178
-0.0007981117 0.1758777 -0.6070682
-0.1083632 0.1758776 -0.5955953
-0.2117947 0.1758777 -0.5616178
-0.2117947 0.1758777 -0.5616178
-0.3071177 0.1758777 -0.5064412
-0.390669 0.1758777 -0.432186
-0.390669 0.1758777 -0.432186
-0.4592377 0.1758777 -0.3417057
-0.5101889 0.1758777 -0.2384776
-0.5101889 0.1758777 0.2185117
-0.3906689 0.1758777 0.4122201
-0.5101889 0.1758777 -0.2384776
-0.3906689 0.1758777 0.4122201
-0.2117947 0.1758777 0.5416518
-0.5101889 0.1758777 -0.2384776
0.2101986 0.1758777 0.5416518
0.3890727 0.1758776 0.4122201
-0.2117947 0.1758777 0.5416518
0.3890727 0.1758776 0.4122201
0.5085927 0.1758777 0.2185117
-0.2117947 0.1758777 0.5416518
0.5085927 0.1758777 -0.2384776
0.3890727 0.1758776 -0.432186
0.5085927 0.1758777 0.2185117
0.3890727 0.1758776 -0.432186
0.2101985 0.1758777 -0.5616178
0.5085927 0.1758777 0.2185117
-0.2117947 0.1758777 -0.5616178
-0.390669 0.1758777 -0.432186
0.2101985 0.1758777 -0.5616178
-0.390669 0.1758777 -0.432186
-0.5101889 0.1758777 -0.2384776
0.2101985 0.1758777 -0.5616178
-0.5101889 0.1758777 -0.2384776
-0.2117947 0.1758777 0.5416518
0.5085927 0.1758777 0.2185117
-0.5101889 0.1758777 0.2185117
-0.5415645 0.1758777 0.1065026
-0.5415645 0.01299875 0.1065026
-0.5415645 0.1758777 0.1065026
-0.5521588 0.1758777 -0.009982929
-0.5521588 0.01299875 -0.009982929
-0.5415645 0.01299875 0.1065026
-0.5521588 0.01299875 -0.009982929
-0.5415645 0.01299875 -0.1264685
-0.5415645 0.01299875 -0.1264685
-0.5101889 0.01299875 -0.2384776
-0.4592377 0.01299866 -0.3417057
-0.4592377 0.01299866 -0.3417057
-0.390669 0.01299875 -0.432186
-0.3071177 0.01299875 -0.5064412
-0.3071177 0.01299875 -0.5064412
-0.2117947 0.01299875 -0.5616178
-0.1083632 0.01299866 -0.5955953
-0.1083632 0.01299866 -0.5955953
-0.0007981117 0.01299875 -0.6070682
0.106767 0.01299875 -0.5955953
0.106767 0.01299875 -0.5955953
0.2101985 0.01299875 -0.5616178
0.3055214 0.01299875 -0.5064412
0.3055214 0.01299875 -0.5064412
0.3890727 0.01299875 -0.432186
0.4576415 0.01299875 -0.3417058
0.4576415 0.01299875 -0.3417058
0.5085927 0.01299875 -0.2384776
0.5399683 0.01299866 -0.1264685
0.5399683 0.01299866 -0.1264685
0.5505626 0.01299866 -0.009982976
0.5399683 0.01299866 0.1065026
0.5399683 0.01299866 0.1065026
0.5085927 0.01299875 0.2185117
0.4576415 0.01299875 0.3217399
0.4576415 0.01299875 0.3217399
0.3890728 0.01299875 0.4122201
0.3055215 0.01299875 0.4864753
0.3055215 0.01299875 0.4864753
0.2101985 0.01299875 0.5416518
0.1067671 0.01299875 0.5756294
0.1067671 0.01299875 0.5756294
-0.0007980595 0.01299875 0.5871023
-0.1083632 0.01299866 0.5756294
-0.1083632 0.01299866 0.5756294
-0.2117947 0.01299875 0.5416518
-0.3071176 0.01299875 0.4864753
-0.3071176 0.01299875 0.4864753
-0.3906689 0.01299875 0.4122201
-0.4592377 0.01299866 0.3217399
-0.4592377 0.01299866 0.3217399
-0.5101889 0.01299875 0.2185117
-0.5415645 0.01299875 0.1065026
-0.5415645 0.01299875 0.1065026
-0.5415645 0.01299875 -0.1264685
-0.1083632 0.01299866 -0.5955953
-0.5415645 0.01299875 -0.1264685
-0.4592377 0.01299866 -0.3417057
-0.1083632 0.01299866 -0.5955953
-0.4592377 0.01299866 -0.3417057
-0.3071177 0.01299875 -0.5064412
-0.1083632 0.01299866 -0.5955953
-0.1083632 0.01299866 -0.5955953
0.106767 0.01299875 -0.5955953
0.5399683 0.01299866 -0.1264685
0.106767 0.01299875 -0.5955953
0.3055214 0.01299875 -0.5064412
0.5399683 0.01299866 -0.1264685
0.3055214 0.01299875 -0.5064412
0.4576415 0.01299875 -0.3417058
0.5399683 0.01299866 -0.1264685
0.5399683 0.01299866 -0.1264685
0.5399683 0.01299866 0.1065026
0.1067671 0.01299875 0.5756294
0.5399683 0.01299866 0.1065026
0.4576415 0.01299875 0.3217399
0.1067671 0.01299875 0.5756294
0.4576415 0.01299875 0.3217399
0.3055215 0.01299875 0.4864753
0.1067671 0.01299875 0.5756294
0.1067671 0.01299875 0.5756294
-0.1083632 0.01299866 0.5756294
-0.5415645 0.01299875 0.1065026
-0.1083632 0.01299866 0.5756294
-0.3071176 0.01299875 0.4864753
-0.5415645 0.01299875 0.1065026
-0.3071176 0.01299875 0.4864753
-0.4592377 0.01299866 0.3217399
-0.5415645 0.01299875 0.1065026
-0.5415645 0.01299875 0.1065026
-0.1083632 0.01299866 -0.5955953
0.5399683 0.01299866 -0.1264685
-0.4074408 1.350066 -0.009982935
-0.3996273 0.3223217 -0.09589404
-0.4074408 0.3223217 -0.009982935
-0.3996273 1.350066 -0.09589404
-0.376487 0.3223217 -0.1785036
-0.3996273 0.3223217 -0.09589404
-0.376487 1.350066 -0.1785036
-0.3389092 0.3223217 -0.2546371
-0.376487 0.3223217 -0.1785036
-0.3389092 1.350066 -0.2546371
-0.288338 0.3223217 -0.3213686
-0.3389092 0.3223217 -0.2546371
-0.2883379 1.350066 -0.3213686
-0.2267167 0.3223217 -0.3761338
-0.288338 0.3223217 -0.3213686
-0.2267167 1.350066 -0.3761338
-0.1564136 0.3223217 -0.4168279
-0.2267167 0.3223217 -0.3761338
-0.1564136 1.350066 -0.4168279
-0.08013017 0.3223217 -0.4418872
-0.1564136 0.3223217 -0.4168279
-0.08013016 1.350066 -0.4418872
-0.0007981049 0.3223217 -0.4503488
-0.08013017 0.3223217 -0.4418872
-0.0007981049 1.350066 -0.4503488
0.07853396 0.3223216 -0.4418872
-0.0007981049 0.3223217 -0.4503488
0.07853396 1.350066 -0.4418872
0.1548173 0.3223217 -0.4168279
0.07853396 0.3223216 -0.4418872
0.1548173 1.350066 -0.4168279
0.2251205 0.3223217 -0.3761338
0.1548173 0.3223217 -0.4168279
0.2251205 1.350066 -0.3761338
0.2867417 0.3223216 -0.3213686
0.2251205 0.3223217 -0.3761338
0.2867417 1.350066 -0.3213686
0.337313 0.3223216 -0.2546371
0.2867417 0.3223216 -0.3213686
0.337313 1.350066 -0.2546371
0.3748908 0.3223217 -0.1785037
0.337313 0.3223216 -0.2546371
0.3748908 1.350066 -0.1785037
0.3980311 0.3223217 -0.09589408
0.3748908 0.3223217 -0.1785037
0.3980311 1.350066 -0.09589408
0.4058446 0.3223217 -0.009982971
0.3980311 0.3223217 -0.09589408
0.4058447 1.350066 -0.009982971
0.3980311 0.3223217 0.07592814
0.4058446 0.3223217 -0.009982971
0.3980311 1.350066 0.07592814
0.3748908 0.3223217 0.1585378
0.3980311 0.3223217 0.07592814
0.3748908 1.350066 0.1585378
0.337313 0.3223216 0.2346712
0.3748908 0.3223217 0.1585378
0.337313 1.350066 0.2346712
0.2867417 0.3223216 0.3014027
0.337313 0.3223216 0.2346712
0.2867418 1.350066 0.3014027
0.2251205 0.3223217 0.3561679
0.2867417 0.3223216 0.3014027
0.2251205 1.350066 0.3561679
0.1548174 0.3223217 0.396862
0.2251205 0.3223217 0.3561679
0.1548174 1.350066 0.396862
0.078534 0.3223216 0.4219213
0.1548174 0.3223217 0.396862
0.078534 1.350066 0.4219213
-0.0007980664 0.3223217 0.4303829
0.078534 0.3223216 0.4219213
-0.0007980664 1.350066 0.4303829
-0.08013013 0.3223217 0.4219213
-0.0007980664 0.3223217 0.4303829
-0.08013013 1.350066 0.4219213
-0.1564135 0.3223217 0.396862
-0.08013013 0.3223217 0.4219213
-0.1564135 1.350066 0.396862
-0.2267167 0.3223217 0.3561679
-0.1564135 0.3223217 0.396862
-0.2267167 1.350066 0.3561679
-0.2883379 0.3223217 0.3014027
-0.2267167 0.3223217 0.3561679
-0.2883379 1.350066 0.3014027
-0.3389092 0.3223217 0.2346712
-0.2883379 0.3223217 0.3014027
-0.3389092 1.350066 0.2346712
-0.376487 0.3223217 0.1585378
-0.3389092 0.3223217 0.2346712
0.3748908 1.350066 0.1585378
0.1548173 1.350066 -0.4168279
-0.376487 1.350066 -0.1785036
-0.376487 1.350066 0.1585378
-0.3996273 0.3223217 0.07592818
-0.376487 0.3223217 0.1585378
-0.3996273 1.350066 0.07592818
-0.4074408 0.3223217 -0.009982935
-0.3996273 0.3223217 0.07592818
0.3980311 0.3223217 -0.09589408
0.078534 0.3223216 0.4219213
-0.3996273 0.3223217 0.07592818
-0.4074408 1.350066 -0.009982935
-0.3996273 1.350066 -0.09589404
-0.3996273 0.3223217 -0.09589404
-0.3996273 1.350066 -0.09589404
-0.376487 1.350066 -0.1785036
-0.376487 0.3223217 -0.1785036
-0.376487 1.350066 -0.1785036
-0.3389092 1.350066 -0.2546371
-0.3389092 0.3223217 -0.2546371
-0.3389092 1.350066 -0.2546371
-0.2883379 1.350066 -0.3213686
-0.288338 0.3223217 -0.3213686
-0.2883379 1.350066 -0.3213686
-0.2267167 1.350066 -0.3761338
-0.2267167 0.3223217 -0.3761338
-0.2267167 1.350066 -0.3761338
-0.1564136 1.350066 -0.4168279
-0.1564136 0.3223217 -0.4168279
-0.1564136 1.350066 -0.4168279
-0.08013016 1.350066 -0.4418872
-0.08013017 0.3223217 -0.4418872
-0.08013016 1.350066 -0.4418872
-0.0007981049 1.350066 -0.4503488
-0.0007981049 0.3223217 -0.4503488
-0.0007981049 1.350066 -0.4503488
0.07853396 1.350066 -0.4418872
0.07853396 0.3223216 -0.4418872
0.07853396 1.350066 -0.4418872
0.1548173 1.350066 -0.4168279
0.1548173 0.3223217 -0.4168279
0.1548173 1.350066 -0.4168279
0.2251205 1.350066 -0.3761338
0.2251205 0.3223217 -0.3761338
0.2251205 1.350066 -0.3761338
0.2867417 1.350066 -0.3213686
0.2867417 0.3223216 -0.3213686
0.2867417 1.350066 -0.3213686
0.337313 1.350066 -0.2546371
0.337313 0.3223216 -0.2546371
0.337313 1.350066 -0.2546371
0.3748908 1.350066 -0.1785037
0.3748908 0.3223217 -0.1785037
0.3748908 1.350066 -0.1785037
0.3980311 1.350066 -0.09589408
0.3980311 0.3223217 -0.09589408
0.3980311 1.350066 -0.09589408
0.4058447 1.350066 -0.009982971
0.4058446 0.3223217 -0.009982971
0.4058447 1.350066 -0.009982971
0.3980311 1.350066 0.07592814
0.3980311 0.3223217 0.07592814
0.3980311 1.350066 0.07592814
0.3748908 1.350066 0.1585378
0.3748908 0.3223217 0.1585378
0.3748908 1.350066 0.1585378
0.337313 1.350066 0.2346712
0.337313 0.3223216 0.2346712
0.337313 1.350066 0.2346712
0.2867418 1.350066 0.3014027
0.2867417 0.3223216 0.3014027
0.2867418 1.350066 0.3014027
0.2251205 1.350066 0.3561679
0.2251205 0.3223217 0.3561679
0.2251205 1.350066 0.3561679
0.1548174 1.350066 0.396862
0.1548174 0.3223217 0.396862
0.1548174 1.350066 0.396862
0.078534 1.350066 0.4219213
0.078534 0.3223216 0.4219213
0.078534 1.350066 0.4219213
-0.0007980664 1.350066 0.4303829
-0.0007980664 0.3223217 0.4303829
-0.0007980664 1.350066 0.4303829
-0.08013013 1.350066 0.4219213
-0.08013013 0.3223217 0.4219213
-0.08013013 1.350066 0.4219213
-0.1564135 1.350066 0.396862
-0.1564135 0.3223217 0.396862
-0.1564135 1.350066 0.396862
-0.2267167 1.350066 0.3561679
-0.2267167 0.3223217 0.3561679
-0.2267167 1.350066 0.3561679
-0.2883379 1.350066 0.3014027
-0.2883379 0.3223217 0.3014027
-0.2883379 1.350066 0.3014027
-0.3389092 1.350066 0.2346712
-0.3389092 0.3223217 0.2346712
-0.3389092 1.350066 0.2346712
-0.376487 1.350066 0.1585378
-0.376487 0.3223217 0.1585378
-0.376487 1.350066 -0.1785036
-0.3996273 1.350066 -0.09589404
-0.4074408 1.350066 -0.009982935
-0.4074408 1.350066 -0.009982935
-0.3996273 1.350066 0.07592818
-0.376487 1.350066 -0.1785036
-0.3996273 1.350066 0.07592818
-0.376487 1.350066 0.1585378
-0.376487 1.350066 -0.1785036
-0.376487 1.350066 0.1585378
-0.3389092 1.350066 0.2346712
-0.2883379 1.350066 0.3014027
-0.2883379 1.350066 0.3014027
-0.2267167 1.350066 0.3561679
-0.1564135 1.350066 0.396862
-0.1564135 1.350066 0.396862
-0.08013013 1.350066 0.4219213
-0.0007980664 1.350066 0.4303829
-0.0007980664 1.350066 0.4303829
0.078534 1.350066 0.4219213
-0.1564135 1.350066 0.396862
0.078534 1.350066 0.4219213
0.1548174 1.350066 0.396862
-0.1564135 1.350066 0.396862
0.1548174 1.350066 0.396862
0.2251205 1.350066 0.3561679
0.2867418 1.350066 0.3014027
0.2867418 1.350066 0.3014027
0.337313 1.350066 0.2346712
0.3748908 1.350066 0.1585378
0.3748908 1.350066 0.1585378
0.3980311 1.350066 0.07592814
0.3748908 1.350066 -0.1785037
0.3980311 1.350066 0.07592814
0.4058447 1.350066 -0.009982971
0.3748908 1.350066 -0.1785037
0.4058447 1.350066 -0.009982971
0.3980311 1.350066 -0.09589408
0.3748908 1.350066 -0.1785037
0.3748908 1.350066 -0.1785037
0.337313 1.350066 -0.2546371
0.2867417 1.350066 -0.3213686
0.2867417 1.350066 -0.3213686
0.2251205 1.350066 -0.3761338
0.1548173 1.350066 -0.4168279
0.1548173 1.350066 -0.4168279
0.07853396 1.350066 -0.4418872
-0.1564136 1.350066 -0.4168279
0.07853396 1.350066 -0.4418872
-0.0007981049 1.350066 -0.4503488
-0.1564136 1.350066 -0.4168279
-0.0007981049 1.350066 -0.4503488
-0.08013016 1.350066 -0.4418872
-0.1564136 1.350066 -0.4168279
-0.1564136 1.350066 -0.4168279
-0.2267167 1.350066 -0.3761338
-0.2883379 1.350066 -0.3213686
-0.2883379 1.350066 -0.3213686
-0.3389092 1.350066 -0.2546371
-0.376487 1.350066 -0.1785036
-0.376487 1.350066 0.1585378
-0.2883379 1.350066 0.3014027
-0.376487 1.350066 -0.1785036
-0.2883379 1.350066 0.3014027
-0.1564135 1.350066 0.396862
-0.376487 1.350066 -0.1785036
0.1548174 1.350066 0.396862
0.2867418 1.350066 0.3014027
-0.1564135 1.350066 0.396862
0.2867418 1.350066 0.3014027
0.3748908 1.350066 0.1585378
-0.1564135 1.350066 0.396862
0.3748908 1.350066 -0.1785037
0.2867417 1.350066 -0.3213686
0.3748908 1.350066 0.1585378
0.2867417 1.350066 -0.3213686
0.1548173 1.350066 -0.4168279
0.3748908 1.350066 0.1585378
-0.1564136 1.350066 -0.4168279
-0.2883379 1.350066 -0.3213686
0.1548173 1.350066 -0.4168279
-0.2883379 1.350066 -0.3213686
-0.376487 1.350066 -0.1785036
0.1548173 1.350066 -0.4168279
-0.376487 1.350066 -0.1785036
-0.1564135 1.350066 0.396862
0.3748908 1.350066 0.1585378
-0.376487 1.350066 0.1585378
-0.3996273 1.350066 0.07592818
-0.3996273 0.3223217 0.07592818
-0.3996273 1.350066 0.07592818
-0.4074408 1.350066 -0.009982935
-0.4074408 0.3223217 -0.009982935
-0.3996273 0.3223217 0.07592818
-0.4074408 0.3223217 -0.009982935
-0.3996273 0.3223217 -0.09589404
-0.3996273 0.3223217 -0.09589404
-0.376487 0.3223217 -0.1785036
-0.3389092 0.3223217 -0.2546371
-0.3389092 0.3223217 -0.2546371
-0.288338 0.3223217 -0.3213686
-0.2267167 0.3223217 -0.3761338
-0.2267167 0.3223217 -0.3761338
-0.1564136 0.3223217 -0.4168279
-0.08013017 0.3223217 -0.4418872
-0.08013017 0.3223217 -0.4418872
-0.0007981049 0.3223217 -0.4503488
0.07853396 0.3223216 -0.4418872
0.07853396 0.3223216 -0.4418872
0.1548173 0.3223217 -0.4168279
0.2251205 0.3223217 -0.3761338
0.2251205 0.3223217 -0.3761338
0.2867417 0.3223216 -0.3213686
0.337313 0.3223216 -0.2546371
0.337313 0.3223216 -0.2546371
0.3748908 0.3223217 -0.1785037
0.3980311 0.3223217 -0.09589408
0.3980311 0.3223217 -0.09589408
0.4058446 0.3223217 -0.009982971
0.3980311 0.3223217 0.07592814
0.3980311 0.3223217 0.07592814
0.3748908 0.3223217 0.1585378
0.337313 0.3223216 0.2346712
0.337313 0.3223216 0.2346712
0.2867417 0.3223216 0.3014027
0.2251205 0.3223217 0.3561679
0.2251205 0.3223217 0.3561679
0.1548174 0.3223217 0.396862
0.078534 0.3223216 0.4219213
0.078534 0.3223216 0.4219213
-0.0007980664 0.3223217 0.4303829
-0.08013013 0.3223217 0.4219213
-0.08013013 0.3223217 0.4219213
-0.1564135 0.3223217 0.396862
-0.2267167 0.3223217 0.3561679
-0.2267167 0.3223217 0.3561679
-0.2883379 0.3223217 0.3014027
-0.3389092 0.3223217 0.2346712
-0.3389092 0.3223217 0.2346712
-0.376487 0.3223217 0.1585378
-0.3996273 0.3223217 0.07592818
-0.3996273 0.3223217 0.07592818
-0.3996273 0.3223217 -0.09589404
-0.08013017 0.3223217 -0.4418872
-0.3996273 0.3223217 -0.09589404
-0.3389092 0.3223217 -0.2546371
-0.08013017 0.3223217 -0.4418872
-0.3389092 0.3223217 -0.2546371
-0.2267167 0.3223217 -0.3761338
-0.08013017 0.3223217 -0.4418872
-0.08013017 0.3223217 -0.4418872
0.07853396 0.3223216 -0.4418872
0.3980311 0.3223217 -0.09589408
0.07853396 0.3223216 -0.4418872
0.2251205 0.3223217 -0.3761338
0.3980311 0.3223217 -0.09589408
0.2251205 0.3223217 -0.3761338
0.337313 0.3223216 -0.2546371
0.3980311 0.3223217 -0.09589408
0.3980311 0.3223217 -0.09589408
0.3980311 0.3223217 0.07592814
0.078534 0.3223216 0.4219213
0.3980311 0.3223217 0.07592814
0.337313 0.3223216 0.2346712
0.078534 0.3223216 0.4219213
0.337313 0.3223216 0.2346712
0.2251205 0.3223217 0.3561679
0.078534 0.3223216 0.4219213
0.078534 0.3223216 0.4219213
-0.08013013 0.3223217 0.4219213
-0.3996273 0.3223217 0.07592818
-0.08013013 0.3223217 0.4219213
-0.2267167 0.3223217 0.3561679
-0.3996273 0.3223217 0.07592818
-0.2267167 0.3223217 0.3561679
-0.3389092 0.3223217 0.2346712
-0.3996273 0.3223217 0.07592818
-0.3996273 0.3223217 0.07592818
-0.08013017 0.3223217 -0.4418872
0.3980311 0.3223217 -0.09589408
-0.5309536 0.1667489 -0.009014155
-0.0007984586 1.311136 -0.009014178
-0.5207668 0.1667489 -0.1206436
-0.5207668 0.1667489 -0.1206436
-0.0007984586 1.311136 -0.009014178
-0.4905979 0.1667489 -0.2279832
-0.4905979 0.1667489 -0.2279832
-0.0007984586 1.311136 -0.009014178
-0.4416063 0.1667489 -0.3269079
-0.4416063 0.1667489 -0.3269079
-0.0007984586 1.311136 -0.009014178
-0.3756746 0.166749 -0.4136162
-0.3756746 0.166749 -0.4136162
-0.0007984586 1.311136 -0.009014178
-0.2953366 0.166749 -0.4847758
-0.2953366 0.166749 -0.4847758
-0.0007984586 1.311136 -0.009014178
-0.2036796 0.1667491 -0.5376521
-0.2036796 0.1667491 -0.5376521
-0.0007984586 1.311136 -0.009014178
-0.104226 0.1667491 -0.5702133
-0.104226 0.1667491 -0.5702133
-0.0007984586 1.311136 -0.009014178
-0.0007977378 0.1667492 -0.5812078
-0.0007977378 0.1667492 -0.5812078
-0.0007984586 1.311136 -0.009014178
0.1026305 0.1667493 -0.5702133
0.1026305 0.1667493 -0.5702133
-0.0007984586 1.311136 -0.009014178
0.2020841 0.1667493 -0.5376521
0.2020841 0.1667493 -0.5376521
-0.0007984586 1.311136 -0.009014178
0.293741 0.1667495 -0.4847758
0.293741 0.1667495 -0.4847758
-0.0007984586 1.311136 -0.009014178
0.374079 0.1667495 -0.4136162
0.374079 0.1667495 -0.4136162
-0.0007984586 1.311136 -0.009014178
0.4400108 0.1667496 -0.3269079
0.4400108 0.1667496 -0.3269079
-0.0007984586 1.311136 -0.009014178
0.4890024 0.1667496 -0.2279832
0.4890024 0.1667496 -0.2279832
-0.0007984586 1.311136 -0.009014178
0.5191713 0.1667496 -0.1206436
0.5191713 0.1667496 -0.1206436
-0.0007984586 1.311136 -0.009014178
0.5293581 0.1667496 -0.009014201
0.5293581 0.1667496 -0.009014201
-0.0007984586 1.311136 -0.009014178
0.5191713 0.1667496 0.1026152
0.5191713 0.1667496 0.1026152
-0.0007984586 1.311136 -0.009014178
0.4890024 0.1667496 0.2099548
0.4890024 0.1667496 0.2099548
-0.0007984586 1.311136 -0.009014178
0.4400108 0.1667496 0.3088795
0.4400108 0.1667496 0.3088795
-0.0007984586 1.311136 -0.009014178
0.3740791 0.1667495 0.3955878
0.3740791 0.1667495 0.3955878
-0.0007984586 1.311136 -0.009014178
0.2937411 0.1667495 0.4667474
0.2937411 0.1667495 0.4667474
-0.0007984586 1.311136 -0.009014178
0.2020842 0.1667493 0.5196238
0.2020842 0.1667493 0.5196238
-0.0007984586 1.311136 -0.009014178
0.1026306 0.1667493 0.5521849
0.1026306 0.1667493 0.5521849
-0.0007984586 1.311136 -0.009014178
-0.0007976878 0.1667492 0.5631794
-0.0007976878 0.1667492 0.5631794
-0.0007984586 1.311136 -0.009014178
-0.104226 0.1667491 0.5521849
-0.104226 0.1667491 0.5521849
-0.0007984586 1.311136 -0.009014178
-0.2036796 0.1667491 0.5196238
-0.2036796 0.1667491 0.5196238
-0.0007984586 1.311136 -0.009014178
-0.2953365 0.166749 0.4667474
-0.2953365 0.166749 0.4667474
-0.0007984586 1.311136 -0.009014178
-0.3756745 0.166749 0.3955878
-0.3756745 0.166749 0.3955878
-0.0007984586 1.311136 -0.009014178
-0.4416063 0.1667489 0.3088796
-0.4416063 0.1667489 0.3088796
-0.0007984586 1.311136 -0.009014178
-0.4905979 0.1667489 0.2099549
0.5191713 0.1667496 -0.1206436
0.1026306 0.1667493 0.5521849
-0.5207668 0.1667489 0.1026153
-0.4905979 0.1667489 0.2099549
-0.0007984586 1.311136 -0.009014178
-0.5207668 0.1667489 0.1026153
-0.5207668 0.1667489 0.1026153
-0.0007984586 1.311136 -0.009014178
-0.5309536 0.1667489 -0.009014155
-0.5207668 0.1667489 0.1026153
-0.5309536 0.1667489 -0.009014155
-0.5207668 0.1667489 -0.1206436
-0.5207668 0.1667489 -0.1206436
-0.4905979 0.1667489 -0.2279832
-0.4416063 0.1667489 -0.3269079
-0.4416063 0.1667489 -0.3269079
-0.3756746 0.166749 -0.4136162
-0.2953366 0.166749 -0.4847758
-0.2953366 0.166749 -0.4847758
-0.2036796 0.1667491 -0.5376521
-0.104226 0.1667491 -0.5702133
-0.104226 0.1667491 -0.5702133
-0.0007977378 0.1667492 -0.5812078
0.1026305 0.1667493 -0.5702133
0.1026305 0.1667493 -0.5702133
0.2020841 0.1667493 -0.5376521
0.293741 0.1667495 -0.4847758
0.293741 0.1667495 -0.4847758
0.374079 0.1667495 -0.4136162
0.4400108 0.1667496 -0.3269079
0.4400108 0.1667496 -0.3269079
0.4890024 0.1667496 -0.2279832
0.5191713 0.1667496 -0.1206436
0.5191713 0.1667496 -0.1206436
0.5293581 0.1667496 -0.009014201
0.5191713 0.1667496 0.1026152
0.5191713 0.1667496 0.1026152
0.4890024 0.1667496 0.2099548
0.4400108 0.1667496 0.3088795
0.4400108 0.1667496 0.3088795
0.3740791 0.1667495 0.3955878
0.2937411 0.1667495 0.4667474
0.2937411 0.1667495 0.4667474
0.2020842 0.1667493 0.5196238
0.1026306 0.1667493 0.5521849
0.1026306 0.1667493 0.5521849
-0.0007976878 0.1667492 0.5631794
-0.104226 0.1667491 0.5521849
-0.104226 0.1667491 0.5521849
-0.2036796 0.1667491 0.5196238
-0.2953365 0.166749 0.4667474
-0.2953365 0.166749 0.4667474
-0.3756745 0.166749 0.3955878
-0.4416063 0.1667489 0.3088796
-0.4416063 0.1667489 0.3088796
-0.4905979 0.1667489 0.2099549
-0.5207668 0.1667489 0.1026153
-0.5207668 0.1667489 0.1026153
-0.5207668 0.1667489 -0.1206436
-0.104226 0.1667491 -0.5702133
-0.5207668 0.1667489 -0.1206436
-0.4416063 0.1667489 -0.3269079
-0.104226 0.1667491 -0.5702133
-0.4416063 0.1667489 -0.3269079
-0.2953366 0.166749 -0.4847758
-0.104226 0.1667491 -0.5702133
-0.104226 0.1667491 -0.5702133
0.1026305 0.1667493 -0.5702133
0.5191713 0.1667496 -0.1206436
0.1026305 0.1667493 -0.5702133
0.293741 0.1667495 -0.4847758
0.5191713 0.1667496 -0.1206436
0.293741 0.1667495 -0.4847758
0.4400108 0.1667496 -0.3269079
0.5191713 0.1667496 -0.1206436
0.5191713 0.1667496 -0.1206436
0.5191713 0.1667496 0.1026152
0.1026306 0.1667493 0.5521849
0.5191713 0.1667496 0.1026152
0.4400108 0.1667496 0.3088795
0.1026306 0.1667493 0.5521849
0.4400108 0.1667496 0.3088795
0.2937411 0.1667495 0.4667474
0.1026306 0.1667493 0.5521849
0.1026306 0.1667493 0.5521849
-0.104226 0.1667491 0.5521849
-0.5207668 0.1667489 0.1026153
-0.104226 0.1667491 0.5521849
-0.2953365 0.166749 0.4667474
-0.5207668 0.1667489 0.1026153
-0.2953365 0.166749 0.4667474
-0.4416063 0.1667489 0.3088796
-0.5207668 0.1667489 0.1026153
-0.5207668 0.1667489 0.1026153
-0.104226 0.1667491 -0.5702133
0.5191713 0.1667496 -0.1206436
0.3147863 1.903186 -0.1404864
0.1313027 1.652782 -0.3691792
0.3147864 1.652782 -0.1404864
0.1313027 1.903186 -0.3691792
0.2714499 1.652782 -0.4816214
0.1313027 1.652782 -0.3691792
0.2714499 1.903186 -0.4816214
0.4549336 1.652782 -0.2529286
0.2714499 1.652782 -0.4816214
0.4549336 1.903186 -0.2529286
0.3147864 1.652782 -0.1404864
0.4549336 1.652782 -0.2529286
0.2714499 1.652782 -0.4816214
0.3147864 1.652782 -0.1404864
0.1313027 1.652782 -0.3691792
0.1313027 1.903186 -0.3691792
0.4549336 1.903186 -0.2529286
0.2714499 1.903186 -0.4816214
0.3147863 1.903186 -0.1404864
0.1313027 1.903186 -0.3691792
0.1313027 1.652782 -0.3691792
0.1313027 1.903186 -0.3691792
0.2714499 1.903186 -0.4816214
0.2714499 1.652782 -0.4816214
0.2714499 1.903186 -0.4816214
0.4549336 1.903186 -0.2529286
0.4549336 1.652782 -0.2529286
0.4549336 1.903186 -0.2529286
0.3147863 1.903186 -0.1404864
0.3147864 1.652782 -0.1404864
0.2714499 1.652782 -0.4816214
0.4549336 1.652782 -0.2529286
0.3147864 1.652782 -0.1404864
0.1313027 1.903186 -0.3691792
0.3147863 1.903186 -0.1404864
0.4549336 1.903186 -0.2529286
-0.2914159 1.903186 -0.4816213
-0.4748995 1.652782 -0.2529284
-0.2914159 1.652782 -0.4816213
-0.4748995 1.903186 -0.2529284
-0.3347523 1.652782 -0.1404863
-0.4748995 1.652782 -0.2529284
-0.3347523 1.903186 -0.1404863
-0.1512686 1.652782 -0.3691791
-0.3347523 1.652782 -0.1404863
-0.1512686 1.903186 -0.3691791
-0.2914159 1.652782 -0.4816213
-0.1512686 1.652782 -0.3691791
-0.3347523 1.652782 -0.1404863
-0.2914159 1.652782 -0.4816213
-0.4748995 1.652782 -0.2529284
-0.4748995 1.903186 -0.2529284
-0.1512686 1.903186 -0.3691791
-0.3347523 1.903186 -0.1404863
-0.2914159 1.903186 -0.4816213
-0.4748995 1.903186 -0.2529284
-0.4748995 1.652782 -0.2529284
-0.4748995 1.903186 -0.2529284
-0.3347523 1.903186 -0.1404863
-0.3347523 1.652782 -0.1404863
-0.3347523 1.903186 -0.1404863
-0.1512686 1.903186 -0.3691791
-0.1512686 1.652782 -0.3691791
-0.1512686 1.903186 -0.3691791
-0.2914159 1.903186 -0.4816213
-0.2914159 1.652782 -0.4816213
-0.3347523 1.652782 -0.1404863
-0.1512686 1.652782 -0.3691791
-0.2914159 1.652782 -0.4816213
-0.4748995 1.903186 -0.2529284
-0.2914159 1.903186 -0.4816213
-0.1512686 1.903186 -0.3691791
-0.2914158 1.903186 0.4822488
-0.4748994 1.652782 0.253556
-0.2914158 1.652782 0.4822488
-0.4748994 1.903186 0.253556
-0.3347522 1.652782 0.1411137
-0.4748994 1.652782 0.253556
-0.3347522 1.903186 0.1411137
-0.1512686 1.652782 0.3698066
-0.3347522 1.652782 0.1411137
-0.1512686 1.903186 0.3698066
-0.2914158 1.652782 0.4822488
-0.1512686 1.652782 0.3698066
-0.3347522 1.652782 0.1411137
-0.2914158 1.652782 0.4822488
-0.4748994 1.652782 0.253556
-0.4748994 1.903186 0.253556
-0.1512686 1.903186 0.3698066
-0.3347522 1.903186 0.1411137
-0.2914158 1.903186 0.4822488
-0.4748994 1.903186 0.253556
-0.4748994 1.652782 0.253556
-0.4748994 1.903186 0.253556
-0.3347522 1.903186 0.1411137
-0.3347522 1.652782 0.1411137
-0.3347522 1.903186 0.1411137
-0.1512686 1.903186 0.3698066
-0.1512686 1.652782 0.3698066
-0.1512686 1.903186 0.3698066
-0.2914158 1.903186 0.4822488
-0.2914158 1.652782 0.4822488
-0.3347522 1.652782 0.1411137
-0.1512686 1.652782 0.3698066
-0.2914158 1.652782 0.4822488
-0.4748994 1.903186 0.253556
-0.2914158 1.903186 0.4822488
-0.1512686 1.903186 0.3698066
0.3147864 1.903186 0.1411137
0.1313028 1.652782 0.3698065
0.3147864 1.652782 0.1411137
0.1313028 1.903186 0.3698065
0.27145 1.652782 0.4822487
0.1313028 1.652782 0.3698065
0.27145 1.903186 0.4822487
0.4549336 1.652782 0.2535558
0.27145 1.652782 0.4822487
0.4549336 1.903186 0.2535558
0.3147864 1.652782 0.1411137
0.4549336 1.652782 0.2535558
0.27145 1.652782 0.4822487
0.3147864 1.652782 0.1411137
0.1313028 1.652782 0.3698065
0.1313028 1.903186 0.3698065
0.4549336 1.903186 0.2535558
0.27145 1.903186 0.4822487
0.3147864 1.903186 0.1411137
0.1313028 1.903186 0.3698065
0.1313028 1.652782 0.3698065
0.1313028 1.903186 0.3698065
0.27145 1.903186 0.4822487
0.27145 1.652782 0.4822487
0.27145 1.903186 0.4822487
0.4549336 1.903186 0.2535558
0.4549336 1.652782 0.2535558
0.4549336 1.903186 0.2535558
0.3147864 1.903186 0.1411137
0.3147864 1.652782 0.1411137
0.27145 1.652782 0.4822487
0.4549336 1.652782 0.2535558
0.3147864 1.652782 0.1411137
0.1313028 1.903186 0.3698065
0.3147864 1.903186 0.1411137
0.4549336 1.903186 0.2535558